output wavelengths (m)
  2.000e-03
  1.910e-03
  1.824e-03
  1.742e-03
  1.664e-03
  1.589e-03
  1.517e-03
  1.449e-03
  1.384e-03
  1.321e-03
  1.262e-03
  1.205e-03
  1.151e-03
  1.099e-03
  1.050e-03
  1.002e-03
  9.573e-04
  9.142e-04
  8.730e-04
  8.337e-04
  7.962e-04
  7.604e-04
  7.262e-04
  6.935e-04
  6.623e-04
  6.325e-04
  6.040e-04
  5.768e-04
  5.508e-04
  5.261e-04
  5.024e-04
  4.798e-04
  4.582e-04
  4.376e-04
  4.179e-04
  3.991e-04
  3.811e-04
  3.639e-04
  3.476e-04
  3.319e-04
  3.170e-04
  3.027e-04
  2.891e-04
  2.761e-04
  2.637e-04
  2.518e-04
  2.405e-04
  2.296e-04
  2.193e-04
  2.094e-04
  2.000e-04
  1.910e-04
  1.824e-04
  1.742e-04
  1.664e-04
  1.589e-04
  1.517e-04
  1.449e-04
  1.384e-04
  1.321e-04
  1.262e-04
  1.205e-04
  1.151e-04
  1.099e-04
  1.050e-04
  1.002e-04
  9.573e-05
  9.142e-05
  8.730e-05
  8.337e-05
  7.962e-05
  7.604e-05
  7.262e-05
  6.935e-05
  6.623e-05
  6.325e-05
  6.040e-05
  5.768e-05
  5.508e-05
  5.261e-05
  5.024e-05
  4.909e-05
  4.798e-05
  4.688e-05
  4.582e-05
  4.477e-05
  4.376e-05
  4.276e-05
  4.179e-05
  4.083e-05
  3.991e-05
  3.900e-05
  3.811e-05
  3.724e-05
  3.639e-05
  3.557e-05
  3.476e-05
  3.396e-05
  3.319e-05
  3.244e-05
  3.170e-05
  3.098e-05
  3.027e-05
  2.958e-05
  2.891e-05
  2.825e-05
  2.761e-05
  2.698e-05
  2.637e-05
  2.576e-05
  2.518e-05
  2.461e-05
  2.405e-05
  2.350e-05
  2.296e-05
  2.244e-05
  2.193e-05
  2.143e-05
  2.094e-05
  2.047e-05
  2.000e-05
  1.977e-05
  1.954e-05
  1.932e-05
  1.910e-05
  1.888e-05
  1.867e-05
  1.845e-05
  1.824e-05
  1.803e-05
  1.783e-05
  1.762e-05
  1.742e-05
  1.722e-05
  1.702e-05
  1.683e-05
  1.664e-05
  1.644e-05
  1.626e-05
  1.607e-05
  1.589e-05
  1.570e-05
  1.552e-05
  1.535e-05
  1.517e-05
  1.500e-05
  1.483e-05
  1.466e-05
  1.449e-05
  1.432e-05
  1.416e-05
  1.400e-05
  1.384e-05
  1.368e-05
  1.352e-05
  1.337e-05
  1.321e-05
  1.306e-05
  1.291e-05
  1.277e-05
  1.262e-05
  1.247e-05
  1.233e-05
  1.219e-05
  1.205e-05
  1.191e-05
  1.178e-05
  1.164e-05
  1.151e-05
  1.138e-05
  1.125e-05
  1.112e-05
  1.099e-05
  1.087e-05
  1.074e-05
  1.062e-05
  1.050e-05
  1.038e-05
  1.026e-05
  1.014e-05
  1.002e-05
  9.909e-06
  9.796e-06
  9.683e-06
  9.573e-06
  9.463e-06
  9.355e-06
  9.248e-06
  9.142e-06
  9.037e-06
  8.934e-06
  8.831e-06
  8.730e-06
  8.630e-06
  8.532e-06
  8.434e-06
  8.337e-06
  8.242e-06
  8.148e-06
  8.054e-06
  7.962e-06
  7.871e-06
  7.781e-06
  7.692e-06
  7.604e-06
  7.517e-06
  7.431e-06
  7.346e-06
  7.262e-06
  7.178e-06
  7.096e-06
  7.015e-06
  6.935e-06
  6.855e-06
  6.777e-06
  6.699e-06
  6.623e-06
  6.547e-06
  6.472e-06
  6.398e-06
  6.325e-06
  6.252e-06
  6.181e-06
  6.110e-06
  6.040e-06
  5.971e-06
  5.902e-06
  5.835e-06
  5.768e-06
  5.702e-06
  5.637e-06
  5.572e-06
  5.508e-06
  5.445e-06
  5.383e-06
  5.321e-06
  5.261e-06
  5.200e-06
  5.141e-06
  5.082e-06
  5.024e-06
  4.909e-06
  4.798e-06
  4.688e-06
  4.582e-06
  4.477e-06
  4.376e-06
  4.276e-06
  4.179e-06
  4.083e-06
  3.991e-06
  3.900e-06
  3.811e-06
  3.724e-06
  3.639e-06
  3.557e-06
  3.476e-06
  3.396e-06
  3.319e-06
  3.244e-06
  3.170e-06
  3.098e-06
  3.027e-06
  2.958e-06
  2.891e-06
  2.825e-06
  2.761e-06
  2.698e-06
  2.637e-06
  2.576e-06
  2.518e-06
  2.461e-06
  2.405e-06
  2.350e-06
  2.296e-06
  2.244e-06
  2.193e-06
  2.143e-06
  2.094e-06
  2.047e-06
  2.000e-06
  1.910e-06
  1.824e-06
  1.742e-06
  1.664e-06
  1.589e-06
  1.517e-06
  1.449e-06
  1.384e-06
  1.321e-06
  1.262e-06
  1.205e-06
  1.151e-06
  1.099e-06
  1.050e-06
  1.002e-06
  9.573e-07
  9.142e-07
  8.730e-07
  8.337e-07
  7.962e-07
  7.604e-07
  7.262e-07
  6.935e-07
  6.623e-07
  6.325e-07
  6.040e-07
  5.768e-07
  5.508e-07
  5.261e-07
  5.024e-07
  4.798e-07
  4.582e-07
  4.376e-07
  4.179e-07
  3.991e-07
  3.811e-07
  3.639e-07
  3.476e-07
  3.319e-07
  3.170e-07
  3.027e-07
  2.891e-07
  2.761e-07
  2.637e-07
  2.518e-07
  2.405e-07
  2.296e-07
  2.193e-07
  2.094e-07
  2.000e-07
