output wavelengths (m)
  2.000e-03
  1.910e-03
  1.824e-03
  1.742e-03
  1.664e-03
  1.589e-03
  1.517e-03
  1.449e-03
  1.384e-03
  1.321e-03
  1.262e-03
  1.205e-03
  1.151e-03
  1.099e-03
  1.050e-03
  1.002e-03
  9.573e-04
  9.142e-04
  8.730e-04
  8.337e-04
  7.962e-04
  7.604e-04
  7.262e-04
  6.935e-04
  6.623e-04
  6.325e-04
  6.040e-04
  5.768e-04
  5.508e-04
  5.261e-04
  5.024e-04
  4.798e-04
  4.582e-04
  4.376e-04
  4.179e-04
  3.991e-04
  3.811e-04
  3.639e-04
  3.476e-04
  3.319e-04
  3.170e-04
  3.027e-04
  2.891e-04
  2.761e-04
  2.637e-04
  2.518e-04
  2.405e-04
  2.296e-04
  2.193e-04
  2.094e-04
  2.000e-04
  1.910e-04
  1.824e-04
  1.742e-04
  1.664e-04
  1.589e-04
  1.517e-04
  1.449e-04
  1.384e-04
  1.321e-04
  1.262e-04
  1.205e-04
  1.151e-04
  1.099e-04
  1.050e-04
  1.002e-04
  9.573e-05
  9.142e-05
  8.730e-05
  8.337e-05
  7.962e-05
  7.604e-05
  7.262e-05
  6.935e-05
  6.623e-05
  6.325e-05
  6.040e-05
  5.768e-05
  5.508e-05
  5.261e-05
  5.024e-05
  4.798e-05
  4.582e-05
  4.376e-05
  4.179e-05
  3.991e-05
  3.811e-05
  3.639e-05
  3.476e-05
  3.319e-05
  3.170e-05
  3.027e-05
  2.891e-05
  2.761e-05
  2.637e-05
  2.518e-05
  2.405e-05
  2.296e-05
  2.193e-05
  2.094e-05
  2.000e-05
  1.910e-05
  1.824e-05
  1.742e-05
  1.664e-05
  1.589e-05
  1.517e-05
  1.449e-05
  1.384e-05
  1.321e-05
  1.262e-05
  1.205e-05
  1.151e-05
  1.099e-05
  1.050e-05
  1.002e-05
  9.573e-06
  9.142e-06
  8.730e-06
  8.337e-06
  7.962e-06
  7.604e-06
  7.262e-06
  6.935e-06
  6.623e-06
  6.325e-06
  6.040e-06
  5.768e-06
  5.508e-06
  5.261e-06
  5.024e-06
  4.798e-06
  4.582e-06
  4.376e-06
  4.179e-06
  3.991e-06
  3.811e-06
  3.639e-06
  3.476e-06
  3.319e-06
  3.170e-06
  3.027e-06
  2.891e-06
  2.761e-06
  2.637e-06
  2.518e-06
  2.405e-06
  2.296e-06
  2.193e-06
  2.094e-06
  2.000e-06
  1.910e-06
  1.824e-06
  1.742e-06
  1.664e-06
  1.589e-06
  1.517e-06
  1.449e-06
  1.384e-06
  1.321e-06
  1.262e-06
  1.205e-06
  1.151e-06
  1.099e-06
  1.050e-06
  1.002e-06
  9.573e-07
  9.142e-07
  8.730e-07
  8.337e-07
  7.962e-07
  7.604e-07
  7.262e-07
  6.935e-07
  6.623e-07
  6.325e-07
  6.040e-07
  5.768e-07
  5.508e-07
  5.261e-07
  5.024e-07
  4.798e-07
  4.582e-07
  4.376e-07
  4.179e-07
  3.991e-07
  3.811e-07
  3.639e-07
  3.476e-07
  3.319e-07
  3.170e-07
  3.027e-07
  2.891e-07
  2.761e-07
  2.637e-07
  2.518e-07
  2.405e-07
  2.296e-07
  2.193e-07
  2.094e-07
  2.000e-07
