Refractive indices for Dust derives from twelve mineralogical species for 0.2-1 micron, from Balkanski  et al 2007 for 1-3 micron and Bodele from Di Biagio et al. 2017 for 3-15 micron
   Wavelength (m)  Real-Part       Imaginary-Part  wl-index   RH-index
2.000e-07  1.550e+00  5.000e-03  1  1
3.000e-07  1.530e+00  5.000e-03  2  1
4.000e-07  1.525e+00  5.000e-03  3  1
6.000e-07  1.520e+00  2.200e-03  4  1
1.000e-06  1.510e+00  6.000e-04  5  1
1.050e-06  1.500e+00  5.800e-04  6  1
1.150e-06  1.500e+00  5.600e-04  7  1
1.260e-06  1.490e+00  5.400e-04  8  1
1.580e-06  1.490e+00  5.300e-04  9  1
1.880e-06  1.480e+00  5.200e-04  10  1
2.250e-06  1.470e+00  5.200e-04  11  1
2.640e-06  1.460e+00  1.000e-03  12  1
3.000e-06  1.459e+00  2.000e-03  13  1
3.500e-06  1.429e+00  3.000e-03  14  1
4.000e-06  1.417e+00  4.000e-03  15  1
5.000e-06  1.394e+00  4.000e-03  16  1
6.000e-06  1.367e+00  4.000e-03  17  1
7.000e-06  1.323e+00  4.000e-03  18  1
8.000e-06  1.181e+00  4.900e-02  19  1
9.000e-06  1.150e+00  5.010e-01  20  1
1.000e-05  1.702e+00  1.870e-01  21  1
1.100e-05  1.541e+00  7.200e-02  22  1
1.200e-05  1.474e+00  3.500e-02  23  1
1.300e-05  1.477e+00  3.800e-02  24  1
1.400e-05  1.449e+00  2.600e-02  25  1
1.500e-05  1.458e+00  1.600e-02  26  1
2.000e-07  1.550e+00  5.000e-03  1  2
3.000e-07  1.530e+00  5.000e-03  2  2
4.000e-07  1.525e+00  5.000e-03  3  2
6.000e-07  1.520e+00  2.200e-03  4  2
1.000e-06  1.510e+00  6.000e-04  5  2
1.050e-06  1.500e+00  5.800e-04  6  2
1.150e-06  1.500e+00  5.600e-04  7  2
1.260e-06  1.490e+00  5.400e-04  8  2
1.580e-06  1.490e+00  5.300e-04  9  2
1.880e-06  1.480e+00  5.200e-04  10  2
2.250e-06  1.470e+00  5.200e-04  11  2
2.640e-06  1.460e+00  1.000e-03  12  2
3.000e-06  1.459e+00  2.000e-03  13  2
3.500e-06  1.429e+00  3.000e-03  14  2
4.000e-06  1.417e+00  4.000e-03  15  2
5.000e-06  1.394e+00  4.000e-03  16  2
6.000e-06  1.367e+00  4.000e-03  17  2
7.000e-06  1.323e+00  4.000e-03  18  2
8.000e-06  1.181e+00  4.900e-02  19  2
9.000e-06  1.150e+00  5.010e-01  20  2
1.000e-05  1.702e+00  1.870e-01  21  2
1.100e-05  1.541e+00  7.200e-02  22  2
1.200e-05  1.474e+00  3.500e-02  23  2
1.300e-05  1.477e+00  3.800e-02  24  2
1.400e-05  1.449e+00  2.600e-02  25  2
1.500e-05  1.458e+00  1.600e-02  26  2
2.000e-07  1.550e+00  5.000e-03  1  3
3.000e-07  1.530e+00  5.000e-03  2  3
4.000e-07  1.525e+00  5.000e-03  3  3
6.000e-07  1.520e+00  2.200e-03  4  3
1.000e-06  1.510e+00  6.000e-04  5  3
1.050e-06  1.500e+00  5.800e-04  6  3
1.150e-06  1.500e+00  5.600e-04  7  3
1.260e-06  1.490e+00  5.400e-04  8  3
1.580e-06  1.490e+00  5.300e-04  9  3
1.880e-06  1.480e+00  5.200e-04  10  3
2.250e-06  1.470e+00  5.200e-04  11  3
2.640e-06  1.460e+00  1.000e-03  12  3
3.000e-06  1.459e+00  2.000e-03  13  3
3.500e-06  1.429e+00  3.000e-03  14  3
4.000e-06  1.417e+00  4.000e-03  15  3
5.000e-06  1.394e+00  4.000e-03  16  3
6.000e-06  1.367e+00  4.000e-03  17  3
7.000e-06  1.323e+00  4.000e-03  18  3
8.000e-06  1.181e+00  4.900e-02  19  3
9.000e-06  1.150e+00  5.010e-01  20  3
1.000e-05  1.702e+00  1.870e-01  21  3
1.100e-05  1.541e+00  7.200e-02  22  3
1.200e-05  1.474e+00  3.500e-02  23  3
1.300e-05  1.477e+00  3.800e-02  24  3
1.400e-05  1.449e+00  2.600e-02  25  3
1.500e-05  1.458e+00  1.600e-02  26  3
2.000e-07  1.550e+00  5.000e-03  1  4
3.000e-07  1.530e+00  5.000e-03  2  4
4.000e-07  1.525e+00  5.000e-03  3  4
6.000e-07  1.520e+00  2.200e-03  4  4
1.000e-06  1.510e+00  6.000e-04  5  4
1.050e-06  1.500e+00  5.800e-04  6  4
1.150e-06  1.500e+00  5.600e-04  7  4
1.260e-06  1.490e+00  5.400e-04  8  4
1.580e-06  1.490e+00  5.300e-04  9  4
1.880e-06  1.480e+00  5.200e-04  10  4
2.250e-06  1.470e+00  5.200e-04  11  4
2.640e-06  1.460e+00  1.000e-03  12  4
3.000e-06  1.459e+00  2.000e-03  13  4
3.500e-06  1.429e+00  3.000e-03  14  4
4.000e-06  1.417e+00  4.000e-03  15  4
5.000e-06  1.394e+00  4.000e-03  16  4
6.000e-06  1.367e+00  4.000e-03  17  4
7.000e-06  1.323e+00  4.000e-03  18  4
8.000e-06  1.181e+00  4.900e-02  19  4
9.000e-06  1.150e+00  5.010e-01  20  4
1.000e-05  1.702e+00  1.870e-01  21  4
1.100e-05  1.541e+00  7.200e-02  22  4
1.200e-05  1.474e+00  3.500e-02  23  4
1.300e-05  1.477e+00  3.800e-02  24  4
1.400e-05  1.449e+00  2.600e-02  25  4
1.500e-05  1.458e+00  1.600e-02  26  4
2.000e-07  1.550e+00  5.000e-03  1  5
3.000e-07  1.530e+00  5.000e-03  2  5
4.000e-07  1.525e+00  5.000e-03  3  5
6.000e-07  1.520e+00  2.200e-03  4  5
1.000e-06  1.510e+00  6.000e-04  5  5
1.050e-06  1.500e+00  5.800e-04  6  5
1.150e-06  1.500e+00  5.600e-04  7  5
1.260e-06  1.490e+00  5.400e-04  8  5
1.580e-06  1.490e+00  5.300e-04  9  5
1.880e-06  1.480e+00  5.200e-04  10  5
2.250e-06  1.470e+00  5.200e-04  11  5
2.640e-06  1.460e+00  1.000e-03  12  5
3.000e-06  1.459e+00  2.000e-03  13  5
3.500e-06  1.429e+00  3.000e-03  14  5
4.000e-06  1.417e+00  4.000e-03  15  5
5.000e-06  1.394e+00  4.000e-03  16  5
6.000e-06  1.367e+00  4.000e-03  17  5
7.000e-06  1.323e+00  4.000e-03  18  5
8.000e-06  1.181e+00  4.900e-02  19  5
9.000e-06  1.150e+00  5.010e-01  20  5
1.000e-05  1.702e+00  1.870e-01  21  5
1.100e-05  1.541e+00  7.200e-02  22  5
1.200e-05  1.474e+00  3.500e-02  23  5
1.300e-05  1.477e+00  3.800e-02  24  5
1.400e-05  1.449e+00  2.600e-02  25  5
1.500e-05  1.458e+00  1.600e-02  26  5
2.000e-07  1.550e+00  5.000e-03  1  6
3.000e-07  1.530e+00  5.000e-03  2  6
4.000e-07  1.525e+00  5.000e-03  3  6
6.000e-07  1.520e+00  2.200e-03  4  6
1.000e-06  1.510e+00  6.000e-04  5  6
1.050e-06  1.500e+00  5.800e-04  6  6
1.150e-06  1.500e+00  5.600e-04  7  6
1.260e-06  1.490e+00  5.400e-04  8  6
1.580e-06  1.490e+00  5.300e-04  9  6
1.880e-06  1.480e+00  5.200e-04  10  6
2.250e-06  1.470e+00  5.200e-04  11  6
2.640e-06  1.460e+00  1.000e-03  12  6
3.000e-06  1.459e+00  2.000e-03  13  6
3.500e-06  1.429e+00  3.000e-03  14  6
4.000e-06  1.417e+00  4.000e-03  15  6
5.000e-06  1.394e+00  4.000e-03  16  6
6.000e-06  1.367e+00  4.000e-03  17  6
7.000e-06  1.323e+00  4.000e-03  18  6
8.000e-06  1.181e+00  4.900e-02  19  6
9.000e-06  1.150e+00  5.010e-01  20  6
1.000e-05  1.702e+00  1.870e-01  21  6
1.100e-05  1.541e+00  7.200e-02  22  6
1.200e-05  1.474e+00  3.500e-02  23  6
1.300e-05  1.477e+00  3.800e-02  24  6
1.400e-05  1.449e+00  2.600e-02  25  6
1.500e-05  1.458e+00  1.600e-02  26  6
2.000e-07  1.550e+00  5.000e-03  1  7
3.000e-07  1.530e+00  5.000e-03  2  7
4.000e-07  1.525e+00  5.000e-03  3  7
6.000e-07  1.520e+00  2.200e-03  4  7
1.000e-06  1.510e+00  6.000e-04  5  7
1.050e-06  1.500e+00  5.800e-04  6  7
1.150e-06  1.500e+00  5.600e-04  7  7
1.260e-06  1.490e+00  5.400e-04  8  7
1.580e-06  1.490e+00  5.300e-04  9  7
1.880e-06  1.480e+00  5.200e-04  10  7
2.250e-06  1.470e+00  5.200e-04  11  7
2.640e-06  1.460e+00  1.000e-03  12  7
3.000e-06  1.459e+00  2.000e-03  13  7
3.500e-06  1.429e+00  3.000e-03  14  7
4.000e-06  1.417e+00  4.000e-03  15  7
5.000e-06  1.394e+00  4.000e-03  16  7
6.000e-06  1.367e+00  4.000e-03  17  7
7.000e-06  1.323e+00  4.000e-03  18  7
8.000e-06  1.181e+00  4.900e-02  19  7
9.000e-06  1.150e+00  5.010e-01  20  7
1.000e-05  1.702e+00  1.870e-01  21  7
1.100e-05  1.541e+00  7.200e-02  22  7
1.200e-05  1.474e+00  3.500e-02  23  7
1.300e-05  1.477e+00  3.800e-02  24  7
1.400e-05  1.449e+00  2.600e-02  25  7
1.500e-05  1.458e+00  1.600e-02  26  7
2.000e-07  1.550e+00  5.000e-03  1  8
3.000e-07  1.530e+00  5.000e-03  2  8
4.000e-07  1.525e+00  5.000e-03  3  8
6.000e-07  1.520e+00  2.200e-03  4  8
1.000e-06  1.510e+00  6.000e-04  5  8
1.050e-06  1.500e+00  5.800e-04  6  8
1.150e-06  1.500e+00  5.600e-04  7  8
1.260e-06  1.490e+00  5.400e-04  8  8
1.580e-06  1.490e+00  5.300e-04  9  8
1.880e-06  1.480e+00  5.200e-04  10  8
2.250e-06  1.470e+00  5.200e-04  11  8
2.640e-06  1.460e+00  1.000e-03  12  8
3.000e-06  1.459e+00  2.000e-03  13  8
3.500e-06  1.429e+00  3.000e-03  14  8
4.000e-06  1.417e+00  4.000e-03  15  8
5.000e-06  1.394e+00  4.000e-03  16  8
6.000e-06  1.367e+00  4.000e-03  17  8
7.000e-06  1.323e+00  4.000e-03  18  8
8.000e-06  1.181e+00  4.900e-02  19  8
9.000e-06  1.150e+00  5.010e-01  20  8
1.000e-05  1.702e+00  1.870e-01  21  8
1.100e-05  1.541e+00  7.200e-02  22  8
1.200e-05  1.474e+00  3.500e-02  23  8
1.300e-05  1.477e+00  3.800e-02  24  8
1.400e-05  1.449e+00  2.600e-02  25  8
1.500e-05  1.458e+00  1.600e-02  26  8
2.000e-07  1.550e+00  5.000e-03  1  9
3.000e-07  1.530e+00  5.000e-03  2  9
4.000e-07  1.525e+00  5.000e-03  3  9
6.000e-07  1.520e+00  2.200e-03  4  9
1.000e-06  1.510e+00  6.000e-04  5  9
1.050e-06  1.500e+00  5.800e-04  6  9
1.150e-06  1.500e+00  5.600e-04  7  9
1.260e-06  1.490e+00  5.400e-04  8  9
1.580e-06  1.490e+00  5.300e-04  9  9
1.880e-06  1.480e+00  5.200e-04  10  9
2.250e-06  1.470e+00  5.200e-04  11  9
2.640e-06  1.460e+00  1.000e-03  12  9
3.000e-06  1.459e+00  2.000e-03  13  9
3.500e-06  1.429e+00  3.000e-03  14  9
4.000e-06  1.417e+00  4.000e-03  15  9
5.000e-06  1.394e+00  4.000e-03  16  9
6.000e-06  1.367e+00  4.000e-03  17  9
7.000e-06  1.323e+00  4.000e-03  18  9
8.000e-06  1.181e+00  4.900e-02  19  9
9.000e-06  1.150e+00  5.010e-01  20  9
1.000e-05  1.702e+00  1.870e-01  21  9
1.100e-05  1.541e+00  7.200e-02  22  9
1.200e-05  1.474e+00  3.500e-02  23  9
1.300e-05  1.477e+00  3.800e-02  24  9
1.400e-05  1.449e+00  2.600e-02  25  9
1.500e-05  1.458e+00  1.600e-02  26  9
2.000e-07  1.550e+00  5.000e-03  1  10
3.000e-07  1.530e+00  5.000e-03  2  10
4.000e-07  1.525e+00  5.000e-03  3  10
6.000e-07  1.520e+00  2.200e-03  4  10
1.000e-06  1.510e+00  6.000e-04  5  10
1.050e-06  1.500e+00  5.800e-04  6  10
1.150e-06  1.500e+00  5.600e-04  7  10
1.260e-06  1.490e+00  5.400e-04  8  10
1.580e-06  1.490e+00  5.300e-04  9  10
1.880e-06  1.480e+00  5.200e-04  10  10
2.250e-06  1.470e+00  5.200e-04  11  10
2.640e-06  1.460e+00  1.000e-03  12  10
3.000e-06  1.459e+00  2.000e-03  13  10
3.500e-06  1.429e+00  3.000e-03  14  10
4.000e-06  1.417e+00  4.000e-03  15  10
5.000e-06  1.394e+00  4.000e-03  16  10
6.000e-06  1.367e+00  4.000e-03  17  10
7.000e-06  1.323e+00  4.000e-03  18  10
8.000e-06  1.181e+00  4.900e-02  19  10
9.000e-06  1.150e+00  5.010e-01  20  10
1.000e-05  1.702e+00  1.870e-01  21  10
1.100e-05  1.541e+00  7.200e-02  22  10
1.200e-05  1.474e+00  3.500e-02  23  10
1.300e-05  1.477e+00  3.800e-02  24  10
1.400e-05  1.449e+00  2.600e-02  25  10
1.500e-05  1.458e+00  1.600e-02  26  10
2.000e-07  1.550e+00  5.000e-03  1  11
3.000e-07  1.530e+00  5.000e-03  2  11
4.000e-07  1.525e+00  5.000e-03  3  11
6.000e-07  1.520e+00  2.200e-03  4  11
1.000e-06  1.510e+00  6.000e-04  5  11
1.050e-06  1.500e+00  5.800e-04  6  11
1.150e-06  1.500e+00  5.600e-04  7  11
1.260e-06  1.490e+00  5.400e-04  8  11
1.580e-06  1.490e+00  5.300e-04  9  11
1.880e-06  1.480e+00  5.200e-04  10  11
2.250e-06  1.470e+00  5.200e-04  11  11
2.640e-06  1.460e+00  1.000e-03  12  11
3.000e-06  1.459e+00  2.000e-03  13  11
3.500e-06  1.429e+00  3.000e-03  14  11
4.000e-06  1.417e+00  4.000e-03  15  11
5.000e-06  1.394e+00  4.000e-03  16  11
6.000e-06  1.367e+00  4.000e-03  17  11
7.000e-06  1.323e+00  4.000e-03  18  11
8.000e-06  1.181e+00  4.900e-02  19  11
9.000e-06  1.150e+00  5.010e-01  20  11
1.000e-05  1.702e+00  1.870e-01  21  11
1.100e-05  1.541e+00  7.200e-02  22  11
1.200e-05  1.474e+00  3.500e-02  23  11
1.300e-05  1.477e+00  3.800e-02  24  11
1.400e-05  1.449e+00  2.600e-02  25  11
1.500e-05  1.458e+00  1.600e-02  26  11
2.000e-07  1.550e+00  5.000e-03  1  12
3.000e-07  1.530e+00  5.000e-03  2  12
4.000e-07  1.525e+00  5.000e-03  3  12
6.000e-07  1.520e+00  2.200e-03  4  12
1.000e-06  1.510e+00  6.000e-04  5  12
1.050e-06  1.500e+00  5.800e-04  6  12
1.150e-06  1.500e+00  5.600e-04  7  12
1.260e-06  1.490e+00  5.400e-04  8  12
1.580e-06  1.490e+00  5.300e-04  9  12
1.880e-06  1.480e+00  5.200e-04  10  12
2.250e-06  1.470e+00  5.200e-04  11  12
2.640e-06  1.460e+00  1.000e-03  12  12
3.000e-06  1.459e+00  2.000e-03  13  12
3.500e-06  1.429e+00  3.000e-03  14  12
4.000e-06  1.417e+00  4.000e-03  15  12
5.000e-06  1.394e+00  4.000e-03  16  12
6.000e-06  1.367e+00  4.000e-03  17  12
7.000e-06  1.323e+00  4.000e-03  18  12
8.000e-06  1.181e+00  4.900e-02  19  12
9.000e-06  1.150e+00  5.010e-01  20  12
1.000e-05  1.702e+00  1.870e-01  21  12
1.100e-05  1.541e+00  7.200e-02  22  12
1.200e-05  1.474e+00  3.500e-02  23  12
1.300e-05  1.477e+00  3.800e-02  24  12
1.400e-05  1.449e+00  2.600e-02  25  12
1.500e-05  1.458e+00  1.600e-02  26  12
