Refractive indices for Dust from Woodward 2001 JGR,106,16,18155-18166
   Wavelength (m)  Real Part       Imaginary Part
     0.2000E-06     0.1530E+01     0.8000E-01
     0.3000E-06     0.1530E+01     0.1800E-01
     0.4000E-06     0.1530E+01     0.9000E-02
     0.5000E-06     0.1530E+01     0.5700E-02
     0.6000E-06     0.1530E+01     0.4700E-02
     0.7000E-06     0.1530E+01     0.3600E-02
     0.8000E-06     0.1520E+01     0.4300E-02
     0.9000E-06     0.1520E+01     0.4300E-02
     0.1000E-05     0.1520E+01     0.4500E-02
     0.1536E-05     0.1400E+01     0.4500E-02
     0.2000E-05     0.1260E+01     0.4500E-02
     0.2250E-05     0.1220E+01     0.4500E-02
     0.3000E-05     0.1160E+01     0.3500E-01
     0.4000E-05     0.1260E+01     0.2100E-01
     0.5000E-05     0.1250E+01     0.1500E-01
     0.6000E-05     0.1150E+01     0.6000E-01
     0.6500E-05     0.1130E+01     0.1000E+00
     0.7200E-05     0.1400E+01     0.1700E+00
     0.8000E-05     0.1150E+01     0.7800E-01
     0.8200E-05     0.1130E+01     0.1100E+00
     0.9000E-05     0.1700E+01     0.2650E+00
     0.1000E-04     0.1750E+01     0.5360E+00
     0.1150E-04     0.1590E+01     0.1200E+00
     0.1200E-04     0.1550E+01     0.1240E+00
     0.1300E-04     0.1470E+01     0.2380E+00
     0.1720E-04     0.1630E+01     0.1920E+00
     0.2000E-04     0.1680E+01     0.5360E+00
     0.2500E-04     0.1970E+01     0.6000E+00
     0.3000E-04     0.1800E+01     0.6300E+00
     0.3500E-04     0.1900E+01     0.6300E+00
     0.4000E-04     0.2100E+01     0.6300E+00
