Refractive index for coarse mode nitrate from S. Remy (GLOMAP?) mixed with water from Hale&Querry 1973
Wavelength(m)  Real Part  Imaginary Part  wl_index RH_index
2.00E-07 1.510 0.001  1  1
2.25E-07 1.510 0.001  2  1
2.50E-07 1.510 0.001  3  1
2.75E-07 1.510 0.001  4  1
3.00E-07 1.510 0.001  5  1
3.25E-07 1.510 0.001  6  1
3.50E-07 1.510 0.001  7  1
3.75E-07 1.510 0.001  8  1
4.00E-07 1.510 0.001  9  1
4.25E-07 1.510 0.001 10  1
4.50E-07 1.510 0.001 11  1
4.75E-07 1.510 0.001 12  1
5.00E-07 1.510 0.001 13  1
5.25E-07 1.510 0.001 14  1
5.50E-07 1.510 0.001 15  1
5.75E-07 1.510 0.001 16  1
6.00E-07 1.510 0.001 17  1
6.25E-07 1.510 0.001 18  1
6.50E-07 1.510 0.001 19  1
6.75E-07 1.510 0.001 20  1
7.00E-07 1.510 0.001 21  1
7.25E-07 1.510 0.001 22  1
7.50E-07 1.510 0.001 23  1
7.75E-07 1.510 0.001 24  1
8.00E-07 1.510 0.001 25  1
8.25E-07 1.510 0.001 26  1
8.50E-07 1.510 0.001 27  1
8.75E-07 1.510 0.001 28  1
9.00E-07 1.510 0.001 29  1
9.25E-07 1.510 0.001 30  1
9.50E-07 1.510 0.001 31  1
9.75E-07 1.510 0.001 32  1
1.00E-06 1.510 0.001 33  1
1.20E-06 1.510 0.001 34  1
1.40E-06 1.510 0.001 35  1
1.60E-06 1.510 0.001 36  1
1.80E-06 1.510 0.001 37  1
2.00E-06 1.510 0.001 38  1
2.20E-06 1.510 0.001 39  1
2.40E-06 1.510 0.001 40  1
2.60E-06 1.510 0.001 41  1
2.65E-06 1.510 0.001 42  1
2.70E-06 1.510 0.001 43  1
2.75E-06 1.510 0.001 44  1
2.80E-06 1.510 0.001 45  1
2.85E-06 1.510 0.001 46  1
2.90E-06 1.510 0.001 47  1
2.95E-06 1.510 0.001 48  1
3.00E-06 1.510 0.001 49  1
3.05E-06 1.510 0.001 50  1
3.10E-06 1.510 0.001 51  1
3.15E-06 1.510 0.001 52  1
3.20E-06 1.510 0.001 53  1
3.25E-06 1.510 0.001 54  1
3.30E-06 1.510 0.001 55  1
3.35E-06 1.510 0.001 56  1
3.40E-06 1.510 0.001 57  1
3.45E-06 1.510 0.001 58  1
3.50E-06 1.510 0.001 59  1
3.60E-06 1.510 0.001 60  1
3.70E-06 1.510 0.001 61  1
3.80E-06 1.510 0.001 62  1
3.90E-06 1.510 0.001 63  1
4.00E-06 1.510 0.001 64  1
4.10E-06 1.510 0.001 65  1
4.20E-06 1.510 0.001 66  1
4.30E-06 1.510 0.001 67  1
4.40E-06 1.510 0.001 68  1
4.50E-06 1.510 0.001 69  1
4.60E-06 1.510 0.001 70  1
4.70E-06 1.510 0.001 71  1
4.80E-06 1.510 0.001 72  1
4.90E-06 1.510 0.001 73  1
5.00E-06 1.510 0.001 74  1
5.10E-06 1.510 0.001 75  1
5.20E-06 1.510 0.001 76  1
5.30E-06 1.510 0.001 77  1
5.40E-06 1.510 0.001 78  1
5.50E-06 1.510 0.001 79  1
5.60E-06 1.510 0.001 80  1
5.70E-06 1.510 0.001 81  1
5.80E-06 1.510 0.001 82  1
5.90E-06 1.510 0.001 83  1
6.00E-06 1.510 0.001 84  1
6.10E-06 1.510 0.001 85  1
6.20E-06 1.510 0.001 86  1
6.30E-06 1.510 0.001 87  1
6.40E-06 1.510 0.001 88  1
6.50E-06 1.510 0.001 89  1
6.60E-06 1.510 0.001 90  1
6.70E-06 1.510 0.001 91  1
6.80E-06 1.510 0.001 92  1
6.90E-06 1.510 0.001 93  1
7.00E-06 1.510 0.001 94  1
7.10E-06 1.510 0.001 95  1
7.20E-06 1.510 0.001 96  1
7.30E-06 1.510 0.001 97  1
7.40E-06 1.510 0.001 98  1
7.50E-06 1.510 0.001 99  1
7.60E-06 1.510 0.001 100  1
7.70E-06 1.510 0.001 101  1
7.80E-06 1.510 0.001 102  1
7.90E-06 1.510 0.001 103  1
8.00E-06 1.510 0.001 104  1
8.20E-06 1.510 0.001 105  1
8.40E-06 1.510 0.001 106  1
8.60E-06 1.510 0.001 107  1
8.80E-06 1.510 0.001 108  1
9.00E-06 1.510 0.001 109  1
9.20E-06 1.510 0.001 110  1
9.40E-06 1.510 0.001 111  1
9.60E-06 1.510 0.001 112  1
9.80E-06 1.510 0.001 113  1
1.00E-05 1.510 0.001 114  1
1.05E-05 1.510 0.001 115  1
1.10E-05 1.510 0.001 116  1
1.15E-05 1.510 0.001 117  1
1.20E-05 1.510 0.001 118  1
1.25E-05 1.510 0.001 119  1
1.30E-05 1.510 0.001 120  1
1.35E-05 1.510 0.001 121  1
1.40E-05 1.510 0.001 122  1
1.45E-05 1.510 0.001 123  1
1.50E-05 1.510 0.001 124  1
1.55E-05 1.510 0.001 125  1
1.60E-05 1.510 0.001 126  1
1.65E-05 1.510 0.001 127  1
1.70E-05 1.510 0.001 128  1
1.75E-05 1.510 0.001 129  1
1.80E-05 1.510 0.001 130  1
1.85E-05 1.510 0.001 131  1
1.90E-05 1.510 0.001 132  1
1.95E-05 1.510 0.001 133  1
2.00E-05 1.510 0.001 134  1
2.10E-05 1.510 0.001 135  1
2.20E-05 1.510 0.001 136  1
2.30E-05 1.510 0.001 137  1
2.40E-05 1.510 0.001 138  1
2.50E-05 1.510 0.001 139  1
2.60E-05 1.510 0.001 140  1
2.70E-05 1.510 0.001 141  1
2.80E-05 1.510 0.001 142  1
2.90E-05 1.510 0.001 143  1
3.00E-05 1.510 0.001 144  1
3.20E-05 1.510 0.001 145  1
3.40E-05 1.510 0.001 146  1
3.60E-05 1.510 0.001 147  1
3.80E-05 1.510 0.001 148  1
4.00E-05 1.510 0.001 149  1
4.20E-05 1.510 0.001 150  1
4.40E-05 1.510 0.001 151  1
4.60E-05 1.510 0.001 152  1
4.80E-05 1.510 0.001 153  1
5.00E-05 1.510 0.001 154  1
6.00E-05 1.510 0.001 155  1
7.00E-05 1.510 0.001 156  1
8.00E-05 1.510 0.001 157  1
9.00E-05 1.510 0.001 158  1
2.00E-07 1.482 0.000  1  2
2.25E-07 1.476 0.000  2  2
2.50E-07 1.473 0.000  3  2
2.75E-07 1.471 0.000  4  2
3.00E-07 1.470 0.000  5  2
3.25E-07 1.469 0.000  6  2
3.50E-07 1.468 0.000  7  2
3.75E-07 1.468 0.000  8  2
4.00E-07 1.467 0.000  9  2
4.25E-07 1.467 0.000 10  2
4.50E-07 1.467 0.000 11  2
4.75E-07 1.467 0.000 12  2
5.00E-07 1.466 0.000 13  2
5.25E-07 1.466 0.000 14  2
5.50E-07 1.466 0.000 15  2
5.75E-07 1.466 0.000 16  2
6.00E-07 1.466 0.000 17  2
6.25E-07 1.466 0.000 18  2
6.50E-07 1.465 0.000 19  2
6.75E-07 1.465 0.000 20  2
7.00E-07 1.465 0.000 21  2
7.25E-07 1.465 0.000 22  2
7.50E-07 1.465 0.000 23  2
7.75E-07 1.465 0.000 24  2
8.00E-07 1.465 0.000 25  2
8.25E-07 1.465 0.000 26  2
8.50E-07 1.465 0.000 27  2
8.75E-07 1.465 0.000 28  2
9.00E-07 1.465 0.000 29  2
9.25E-07 1.465 0.000 30  2
9.50E-07 1.464 0.000 31  2
9.75E-07 1.464 0.000 32  2
1.00E-06 1.464 0.000 33  2
1.20E-06 1.464 0.000 34  2
1.40E-06 1.463 0.000 35  2
1.60E-06 1.462 0.000 36  2
1.80E-06 1.461 0.000 37  2
2.00E-06 1.459 0.001 38  2
2.20E-06 1.457 0.001 39  2
2.40E-06 1.453 0.001 40  2
2.60E-06 1.443 0.001 41  2
2.65E-06 1.438 0.002 42  2
2.70E-06 1.430 0.005 43  2
2.75E-06 1.422 0.015 44  2
2.80E-06 1.418 0.029 45  2
2.85E-06 1.420 0.046 46  2
2.90E-06 1.433 0.067 47  2
2.95E-06 1.456 0.075 48  2
3.00E-06 1.475 0.068 49  2
3.05E-06 1.489 0.060 50  2
3.10E-06 1.499 0.048 51  2
3.15E-06 1.503 0.034 52  2
3.20E-06 1.502 0.023 53  2
3.25E-06 1.499 0.016 54  2
3.30E-06 1.495 0.010 55  2
3.35E-06 1.491 0.007 56  2
3.40E-06 1.488 0.005 57  2
3.45E-06 1.485 0.004 58  2
3.50E-06 1.483 0.003 59  2
3.60E-06 1.479 0.002 60  2
3.70E-06 1.476 0.001 61  2
3.80E-06 1.474 0.001 62  2
3.90E-06 1.472 0.001 63  2
4.00E-06 1.470 0.002 64  2
4.10E-06 1.469 0.002 65  2
4.20E-06 1.468 0.002 66  2
4.30E-06 1.467 0.003 67  2
4.40E-06 1.466 0.003 68  2
4.50E-06 1.466 0.004 69  2
4.60E-06 1.465 0.004 70  2
4.70E-06 1.465 0.004 71  2
4.80E-06 1.465 0.004 72  2
4.90E-06 1.465 0.004 73  2
5.00E-06 1.464 0.004 74  2
5.10E-06 1.463 0.003 75  2
5.20E-06 1.462 0.003 76  2
5.30E-06 1.461 0.003 77  2
5.40E-06 1.459 0.003 78  2
5.50E-06 1.457 0.003 79  2
5.60E-06 1.455 0.004 80  2
5.70E-06 1.452 0.005 81  2
5.80E-06 1.448 0.009 82  2
5.90E-06 1.445 0.016 83  2
6.00E-06 1.449 0.027 84  2
6.10E-06 1.463 0.033 85  2
6.20E-06 1.473 0.022 86  2
6.30E-06 1.472 0.015 87  2
6.40E-06 1.469 0.012 88  2
6.50E-06 1.467 0.010 89  2
6.60E-06 1.466 0.009 90  2
6.70E-06 1.465 0.009 91  2
6.80E-06 1.464 0.009 92  2
6.90E-06 1.463 0.008 93  2
7.00E-06 1.462 0.008 94  2
7.10E-06 1.461 0.008 95  2
7.20E-06 1.461 0.008 96  2
7.30E-06 1.460 0.008 97  2
7.40E-06 1.460 0.009 98  2
7.50E-06 1.459 0.009 99  2
7.60E-06 1.458 0.009 100  2
7.70E-06 1.458 0.009 101  2
7.80E-06 1.457 0.009 102  2
7.90E-06 1.456 0.009 103  2
8.00E-06 1.456 0.009 104  2
8.20E-06 1.454 0.009 105  2
8.40E-06 1.453 0.009 106  2
8.60E-06 1.452 0.010 107  2
8.80E-06 1.450 0.010 108  2
9.00E-06 1.448 0.010 109  2
9.20E-06 1.447 0.011 110  2
9.40E-06 1.445 0.011 111  2
9.60E-06 1.443 0.012 112  2
9.80E-06 1.440 0.012 113  2
1.00E-05 1.437 0.013 114  2
1.05E-05 1.429 0.017 115  2
1.10E-05 1.421 0.025 116  2
1.15E-05 1.415 0.036 117  2
1.20E-05 1.411 0.050 118  2
1.25E-05 1.414 0.065 119  2
1.30E-05 1.419 0.076 120  2
1.35E-05 1.427 0.086 121  2
1.40E-05 1.435 0.092 122  2
1.45E-05 1.443 0.097 123  2
1.50E-05 1.450 0.100 124  2
1.55E-05 1.457 0.103 125  2
1.60E-05 1.464 0.105 126  2
1.65E-05 1.470 0.107 127  2
1.70E-05 1.477 0.107 128  2
1.75E-05 1.483 0.107 129  2
1.80E-05 1.488 0.106 130  2
1.85E-05 1.493 0.105 131  2
1.90E-05 1.498 0.103 132  2
1.95E-05 1.502 0.101 133  2
2.00E-05 1.503 0.098 134  2
2.10E-05 1.504 0.095 135  2
2.20E-05 1.508 0.093 136  2
2.30E-05 1.510 0.092 137  2
2.40E-05 1.513 0.090 138  2
2.50E-05 1.515 0.089 139  2
2.60E-05 1.517 0.087 140  2
2.70E-05 1.519 0.086 141  2
2.80E-05 1.520 0.085 142  2
2.90E-05 1.520 0.083 143  2
3.00E-05 1.520 0.082 144  2
3.20E-05 1.519 0.081 145  2
3.40E-05 1.516 0.082 146  2
3.60E-05 1.514 0.086 147  2
3.80E-05 1.513 0.090 148  2
4.00E-05 1.512 0.096 149  2
4.20E-05 1.513 0.102 150  2
4.40E-05 1.515 0.109 151  2
4.60E-05 1.518 0.115 152  2
4.80E-05 1.521 0.122 153  2
5.00E-05 1.529 0.128 154  2
6.00E-05 1.558 0.146 155  2
7.00E-05 1.587 0.144 156  2
8.00E-05 1.604 0.136 157  2
9.00E-05 1.613 0.134 158  2
2.00E-07 1.462 0.000  1  3
2.25E-07 1.452 0.000  2  3
2.50E-07 1.448 0.000  3  3
2.75E-07 1.444 0.000  4  3
3.00E-07 1.442 0.000  5  3
3.25E-07 1.441 0.000  6  3
3.50E-07 1.440 0.000  7  3
3.75E-07 1.439 0.000  8  3
4.00E-07 1.438 0.000  9  3
4.25E-07 1.438 0.000 10  3
4.50E-07 1.437 0.000 11  3
4.75E-07 1.437 0.000 12  3
5.00E-07 1.436 0.000 13  3
5.25E-07 1.436 0.000 14  3
5.50E-07 1.435 0.000 15  3
5.75E-07 1.435 0.000 16  3
6.00E-07 1.435 0.000 17  3
6.25E-07 1.435 0.000 18  3
6.50E-07 1.435 0.000 19  3
6.75E-07 1.435 0.000 20  3
7.00E-07 1.435 0.000 21  3
7.25E-07 1.434 0.000 22  3
7.50E-07 1.434 0.000 23  3
7.75E-07 1.434 0.000 24  3
8.00E-07 1.434 0.000 25  3
8.25E-07 1.434 0.000 26  3
8.50E-07 1.434 0.000 27  3
8.75E-07 1.433 0.000 28  3
9.00E-07 1.433 0.000 29  3
9.25E-07 1.433 0.000 30  3
9.50E-07 1.433 0.000 31  3
9.75E-07 1.433 0.000 32  3
1.00E-06 1.433 0.000 33  3
1.20E-06 1.432 0.000 34  3
1.40E-06 1.430 0.000 35  3
1.60E-06 1.429 0.000 36  3
1.80E-06 1.427 0.000 37  3
2.00E-06 1.424 0.001 38  3
2.20E-06 1.420 0.000 39  3
2.40E-06 1.413 0.001 40  3
2.60E-06 1.397 0.002 41  3
2.65E-06 1.387 0.003 42  3
2.70E-06 1.374 0.008 43  3
2.75E-06 1.361 0.025 44  3
2.80E-06 1.355 0.049 45  3
2.85E-06 1.358 0.078 46  3
2.90E-06 1.380 0.113 47  3
2.95E-06 1.418 0.126 48  3
3.00E-06 1.451 0.115 49  3
3.05E-06 1.475 0.101 50  3
3.10E-06 1.492 0.081 51  3
3.15E-06 1.499 0.057 52  3
3.20E-06 1.497 0.039 53  3
3.25E-06 1.492 0.026 54  3
3.30E-06 1.485 0.016 55  3
3.35E-06 1.477 0.011 56  3
3.40E-06 1.472 0.009 57  3
3.45E-06 1.468 0.006 58  3
3.50E-06 1.464 0.004 59  3
3.60E-06 1.457 0.003 60  3
3.70E-06 1.453 0.002 61  3
3.80E-06 1.448 0.002 62  3
3.90E-06 1.446 0.002 63  3
4.00E-06 1.443 0.002 64  3
4.10E-06 1.441 0.003 65  3
4.20E-06 1.439 0.003 66  3
4.30E-06 1.438 0.004 67  3
4.40E-06 1.436 0.005 68  3
4.50E-06 1.435 0.006 69  3
4.60E-06 1.434 0.007 70  3
4.70E-06 1.434 0.007 71  3
4.80E-06 1.434 0.007 72  3
4.90E-06 1.433 0.006 73  3
5.00E-06 1.432 0.006 74  3
5.10E-06 1.431 0.005 75  3
5.20E-06 1.429 0.005 76  3
5.30E-06 1.427 0.004 77  3
5.40E-06 1.424 0.005 78  3
5.50E-06 1.421 0.005 79  3
5.60E-06 1.417 0.006 80  3
5.70E-06 1.412 0.009 81  3
5.80E-06 1.406 0.014 82  3
5.90E-06 1.400 0.027 83  3
6.00E-06 1.407 0.045 84  3
6.10E-06 1.430 0.056 85  3
6.20E-06 1.448 0.037 86  3
6.30E-06 1.446 0.024 87  3
6.40E-06 1.441 0.019 88  3
6.50E-06 1.438 0.017 89  3
6.60E-06 1.436 0.015 90  3
6.70E-06 1.434 0.015 91  3
6.80E-06 1.432 0.014 92  3
6.90E-06 1.430 0.014 93  3
7.00E-06 1.429 0.014 94  3
7.10E-06 1.427 0.014 95  3
7.20E-06 1.427 0.014 96  3
7.30E-06 1.425 0.014 97  3
7.40E-06 1.424 0.014 98  3
7.50E-06 1.423 0.014 99  3
7.60E-06 1.422 0.014 100  3
7.70E-06 1.421 0.014 101  3
7.80E-06 1.420 0.014 102  3
7.90E-06 1.419 0.015 103  3
8.00E-06 1.418 0.015 104  3
8.20E-06 1.416 0.015 105  3
8.40E-06 1.414 0.016 106  3
8.60E-06 1.411 0.016 107  3
8.80E-06 1.408 0.017 108  3
9.00E-06 1.406 0.017 109  3
9.20E-06 1.403 0.018 110  3
9.40E-06 1.399 0.019 111  3
9.60E-06 1.396 0.019 112  3
9.80E-06 1.392 0.021 113  3
1.00E-05 1.387 0.022 114  3
1.05E-05 1.373 0.028 115  3
1.10E-05 1.360 0.041 116  3
1.15E-05 1.348 0.060 117  3
1.20E-05 1.342 0.084 118  3
1.25E-05 1.347 0.109 119  3
1.30E-05 1.357 0.129 120  3
1.35E-05 1.370 0.145 121  3
1.40E-05 1.384 0.156 122  3
1.45E-05 1.397 0.164 123  3
1.50E-05 1.409 0.170 124  3
1.55E-05 1.420 0.175 125  3
1.60E-05 1.432 0.178 126  3
1.65E-05 1.443 0.181 127  3
1.70E-05 1.454 0.181 128  3
1.75E-05 1.464 0.181 129  3
1.80E-05 1.473 0.180 130  3
1.85E-05 1.482 0.178 131  3
1.90E-05 1.489 0.175 132  3
1.95E-05 1.496 0.171 133  3
2.00E-05 1.497 0.166 134  3
2.10E-05 1.500 0.161 135  3
2.20E-05 1.506 0.157 136  3
2.30E-05 1.510 0.155 137  3
2.40E-05 1.515 0.152 138  3
2.50E-05 1.519 0.150 139  3
2.60E-05 1.522 0.148 140  3
2.70E-05 1.525 0.145 141  3
2.80E-05 1.526 0.143 142  3
2.90E-05 1.527 0.141 143  3
3.00E-05 1.527 0.139 144  3
3.20E-05 1.525 0.137 145  3
3.40E-05 1.521 0.139 146  3
3.60E-05 1.517 0.145 147  3
3.80E-05 1.515 0.152 148  3
4.00E-05 1.514 0.163 149  3
4.20E-05 1.515 0.173 150  3
4.40E-05 1.518 0.184 151  3
4.60E-05 1.523 0.195 152  3
4.80E-05 1.529 0.206 153  3
5.00E-05 1.542 0.217 154  3
6.00E-05 1.591 0.248 155  3
7.00E-05 1.641 0.243 156  3
8.00E-05 1.668 0.231 157  3
9.00E-05 1.684 0.226 158  3
2.00E-07 1.448 0.000  1  4
2.25E-07 1.435 0.000  2  4
2.50E-07 1.429 0.000  3  4
2.75E-07 1.425 0.000  4  4
3.00E-07 1.422 0.000  5  4
3.25E-07 1.421 0.000  6  4
3.50E-07 1.419 0.000  7  4
3.75E-07 1.418 0.000  8  4
4.00E-07 1.417 0.000  9  4
4.25E-07 1.416 0.000 10  4
4.50E-07 1.416 0.000 11  4
4.75E-07 1.415 0.000 12  4
5.00E-07 1.415 0.000 13  4
5.25E-07 1.414 0.000 14  4
5.50E-07 1.414 0.000 15  4
5.75E-07 1.414 0.000 16  4
6.00E-07 1.413 0.000 17  4
6.25E-07 1.413 0.000 18  4
6.50E-07 1.412 0.000 19  4
6.75E-07 1.412 0.000 20  4
7.00E-07 1.412 0.000 21  4
7.25E-07 1.412 0.000 22  4
7.50E-07 1.412 0.000 23  4
7.75E-07 1.412 0.000 24  4
8.00E-07 1.411 0.000 25  4
8.25E-07 1.411 0.000 26  4
8.50E-07 1.411 0.000 27  4
8.75E-07 1.411 0.000 28  4
9.00E-07 1.411 0.000 29  4
9.25E-07 1.411 0.000 30  4
9.50E-07 1.410 0.000 31  4
9.75E-07 1.410 0.000 32  4
1.00E-06 1.410 0.000 33  4
1.20E-06 1.409 0.000 34  4
1.40E-06 1.407 0.000 35  4
1.60E-06 1.405 0.000 36  4
1.80E-06 1.402 0.000 37  4
2.00E-06 1.399 0.001 38  4
2.20E-06 1.393 0.000 39  4
2.40E-06 1.384 0.001 40  4
2.60E-06 1.364 0.002 41  4
2.65E-06 1.351 0.004 42  4
2.70E-06 1.335 0.011 43  4
2.75E-06 1.318 0.032 44  4
2.80E-06 1.310 0.063 45  4
2.85E-06 1.313 0.101 46  4
2.90E-06 1.342 0.146 47  4
2.95E-06 1.391 0.163 48  4
3.00E-06 1.434 0.148 49  4
3.05E-06 1.464 0.131 50  4
3.10E-06 1.487 0.105 51  4
3.15E-06 1.495 0.074 52  4
3.20E-06 1.493 0.051 53  4
3.25E-06 1.487 0.034 54  4
3.30E-06 1.477 0.020 55  4
3.35E-06 1.468 0.014 56  4
3.40E-06 1.461 0.011 57  4
3.45E-06 1.456 0.007 58  4
3.50E-06 1.450 0.005 59  4
3.60E-06 1.442 0.003 60  4
3.70E-06 1.436 0.002 61  4
3.80E-06 1.430 0.002 62  4
3.90E-06 1.427 0.002 63  4
4.00E-06 1.423 0.003 64  4
4.10E-06 1.421 0.003 65  4
4.20E-06 1.418 0.004 66  4
4.30E-06 1.416 0.005 67  4
4.40E-06 1.414 0.006 68  4
4.50E-06 1.413 0.008 69  4
4.60E-06 1.412 0.008 70  4
4.70E-06 1.412 0.009 71  4
4.80E-06 1.412 0.008 72  4
4.90E-06 1.411 0.008 73  4
5.00E-06 1.409 0.007 74  4
5.10E-06 1.408 0.006 75  4
5.20E-06 1.405 0.006 76  4
5.30E-06 1.402 0.006 77  4
5.40E-06 1.398 0.006 78  4
5.50E-06 1.394 0.007 79  4
5.60E-06 1.390 0.008 80  4
5.70E-06 1.383 0.011 81  4
5.80E-06 1.375 0.018 82  4
5.90E-06 1.367 0.034 83  4
6.00E-06 1.377 0.059 84  4
6.10E-06 1.406 0.072 85  4
6.20E-06 1.430 0.048 86  4
6.30E-06 1.427 0.031 87  4
6.40E-06 1.421 0.025 88  4
6.50E-06 1.417 0.022 89  4
6.60E-06 1.414 0.020 90  4
6.70E-06 1.411 0.019 91  4
6.80E-06 1.409 0.018 92  4
6.90E-06 1.407 0.018 93  4
7.00E-06 1.405 0.018 94  4
7.10E-06 1.403 0.018 95  4
7.20E-06 1.402 0.018 96  4
7.30E-06 1.400 0.018 97  4
7.40E-06 1.399 0.018 98  4
7.50E-06 1.398 0.018 99  4
7.60E-06 1.397 0.018 100  4
7.70E-06 1.395 0.018 101  4
7.80E-06 1.394 0.019 102  4
7.90E-06 1.392 0.019 103  4
8.00E-06 1.391 0.019 104  4
8.20E-06 1.388 0.019 105  4
8.40E-06 1.385 0.020 106  4
8.60E-06 1.382 0.021 107  4
8.80E-06 1.379 0.021 108  4
9.00E-06 1.375 0.022 109  4
9.20E-06 1.371 0.023 110  4
9.40E-06 1.367 0.024 111  4
9.60E-06 1.362 0.025 112  4
9.80E-06 1.357 0.026 113  4
1.00E-05 1.351 0.028 114  4
1.05E-05 1.333 0.036 115  4
1.10E-05 1.315 0.053 116  4
1.15E-05 1.301 0.078 117  4
1.20E-05 1.293 0.109 118  4
1.25E-05 1.299 0.141 119  4
1.30E-05 1.312 0.166 120  4
1.35E-05 1.329 0.187 121  4
1.40E-05 1.347 0.202 122  4
1.45E-05 1.363 0.212 123  4
1.50E-05 1.379 0.219 124  4
1.55E-05 1.394 0.226 125  4
1.60E-05 1.409 0.230 126  4
1.65E-05 1.423 0.233 127  4
1.70E-05 1.437 0.234 128  4
1.75E-05 1.451 0.234 129  4
1.80E-05 1.463 0.232 130  4
1.85E-05 1.473 0.230 131  4
1.90E-05 1.483 0.226 132  4
1.95E-05 1.491 0.220 133  4
2.00E-05 1.494 0.214 134  4
2.10E-05 1.497 0.208 135  4
2.20E-05 1.505 0.203 136  4
2.30E-05 1.511 0.200 137  4
2.40E-05 1.516 0.197 138  4
2.50E-05 1.521 0.194 139  4
2.60E-05 1.526 0.191 140  4
2.70E-05 1.529 0.188 141  4
2.80E-05 1.531 0.184 142  4
2.90E-05 1.532 0.182 143  4
3.00E-05 1.532 0.179 144  4
3.20E-05 1.530 0.177 145  4
3.40E-05 1.524 0.180 146  4
3.60E-05 1.519 0.187 147  4
3.80E-05 1.517 0.197 148  4
4.00E-05 1.515 0.210 149  4
4.20E-05 1.517 0.223 150  4
4.40E-05 1.521 0.238 151  4
4.60E-05 1.527 0.252 152  4
4.80E-05 1.535 0.266 153  4
5.00E-05 1.552 0.280 154  4
6.00E-05 1.615 0.320 155  4
7.00E-05 1.679 0.314 156  4
8.00E-05 1.715 0.298 157  4
9.00E-05 1.736 0.292 158  4
2.00E-07 1.442 0.000  1  5
2.25E-07 1.429 0.000  2  5
2.50E-07 1.422 0.000  3  5
2.75E-07 1.417 0.000  4  5
3.00E-07 1.414 0.000  5  5
3.25E-07 1.413 0.000  6  5
3.50E-07 1.411 0.000  7  5
3.75E-07 1.410 0.000  8  5
4.00E-07 1.409 0.000  9  5
4.25E-07 1.408 0.000 10  5
4.50E-07 1.407 0.000 11  5
4.75E-07 1.407 0.000 12  5
5.00E-07 1.406 0.000 13  5
5.25E-07 1.406 0.000 14  5
5.50E-07 1.405 0.000 15  5
5.75E-07 1.405 0.000 16  5
6.00E-07 1.404 0.000 17  5
6.25E-07 1.404 0.000 18  5
6.50E-07 1.404 0.000 19  5
6.75E-07 1.404 0.000 20  5
7.00E-07 1.404 0.000 21  5
7.25E-07 1.403 0.000 22  5
7.50E-07 1.403 0.000 23  5
7.75E-07 1.403 0.000 24  5
8.00E-07 1.403 0.000 25  5
8.25E-07 1.403 0.000 26  5
8.50E-07 1.403 0.000 27  5
8.75E-07 1.402 0.000 28  5
9.00E-07 1.402 0.000 29  5
9.25E-07 1.402 0.000 30  5
9.50E-07 1.401 0.000 31  5
9.75E-07 1.401 0.000 32  5
1.00E-06 1.401 0.000 33  5
1.20E-06 1.400 0.000 34  5
1.40E-06 1.398 0.000 35  5
1.60E-06 1.395 0.000 36  5
1.80E-06 1.392 0.000 37  5
2.00E-06 1.389 0.001 38  5
2.20E-06 1.383 0.000 39  5
2.40E-06 1.373 0.001 40  5
2.60E-06 1.351 0.002 41  5
2.65E-06 1.337 0.004 42  5
2.70E-06 1.319 0.012 43  5
2.75E-06 1.300 0.035 44  5
2.80E-06 1.292 0.069 45  5
2.85E-06 1.296 0.110 46  5
2.90E-06 1.327 0.159 47  5
2.95E-06 1.381 0.177 48  5
3.00E-06 1.427 0.162 49  5
3.05E-06 1.460 0.143 50  5
3.10E-06 1.484 0.114 51  5
3.15E-06 1.494 0.080 52  5
3.20E-06 1.491 0.055 53  5
3.25E-06 1.484 0.036 54  5
3.30E-06 1.474 0.022 55  5
3.35E-06 1.464 0.016 56  5
3.40E-06 1.457 0.012 57  5
3.45E-06 1.451 0.008 58  5
3.50E-06 1.445 0.006 59  5
3.60E-06 1.436 0.003 60  5
3.70E-06 1.429 0.002 61  5
3.80E-06 1.423 0.002 62  5
3.90E-06 1.419 0.002 63  5
4.00E-06 1.416 0.003 64  5
4.10E-06 1.413 0.004 65  5
4.20E-06 1.410 0.004 66  5
4.30E-06 1.408 0.005 67  5
4.40E-06 1.406 0.006 68  5
4.50E-06 1.404 0.008 69  5
4.60E-06 1.403 0.009 70  5
4.70E-06 1.403 0.010 71  5
4.80E-06 1.403 0.009 72  5
4.90E-06 1.402 0.008 73  5
5.00E-06 1.400 0.008 74  5
5.10E-06 1.398 0.007 75  5
5.20E-06 1.395 0.006 76  5
5.30E-06 1.392 0.006 77  5
5.40E-06 1.388 0.006 78  5
5.50E-06 1.384 0.007 79  5
5.60E-06 1.379 0.009 80  5
5.70E-06 1.372 0.012 81  5
5.80E-06 1.363 0.020 82  5
5.90E-06 1.354 0.037 83  5
6.00E-06 1.365 0.064 84  5
6.10E-06 1.397 0.078 85  5
6.20E-06 1.423 0.052 86  5
6.30E-06 1.419 0.034 87  5
6.40E-06 1.413 0.027 88  5
6.50E-06 1.409 0.024 89  5
6.60E-06 1.406 0.021 90  5
6.70E-06 1.403 0.020 91  5
6.80E-06 1.400 0.020 92  5
6.90E-06 1.398 0.019 93  5
7.00E-06 1.395 0.019 94  5
7.10E-06 1.394 0.019 95  5
7.20E-06 1.392 0.019 96  5
7.30E-06 1.391 0.019 97  5
7.40E-06 1.390 0.019 98  5
7.50E-06 1.388 0.020 99  5
7.60E-06 1.387 0.020 100  5
7.70E-06 1.385 0.020 101  5
7.80E-06 1.384 0.020 102  5
7.90E-06 1.382 0.020 103  5
8.00E-06 1.380 0.021 104  5
8.20E-06 1.377 0.021 105  5
8.40E-06 1.374 0.022 106  5
8.60E-06 1.371 0.022 107  5
8.80E-06 1.367 0.023 108  5
9.00E-06 1.363 0.024 109  5
9.20E-06 1.359 0.025 110  5
9.40E-06 1.354 0.026 111  5
9.60E-06 1.349 0.027 112  5
9.80E-06 1.343 0.029 113  5
1.00E-05 1.337 0.030 114  5
1.05E-05 1.317 0.040 115  5
1.10E-05 1.298 0.058 116  5
1.15E-05 1.282 0.085 117  5
1.20E-05 1.273 0.118 118  5
1.25E-05 1.280 0.154 119  5
1.30E-05 1.294 0.181 120  5
1.35E-05 1.312 0.204 121  5
1.40E-05 1.332 0.220 122  5
1.45E-05 1.350 0.231 123  5
1.50E-05 1.368 0.239 124  5
1.55E-05 1.384 0.246 125  5
1.60E-05 1.400 0.251 126  5
1.65E-05 1.416 0.254 127  5
1.70E-05 1.430 0.255 128  5
1.75E-05 1.445 0.255 129  5
1.80E-05 1.458 0.253 130  5
1.85E-05 1.470 0.250 131  5
1.90E-05 1.481 0.246 132  5
1.95E-05 1.490 0.240 133  5
2.00E-05 1.492 0.234 134  5
2.10E-05 1.496 0.227 135  5
2.20E-05 1.504 0.222 136  5
2.30E-05 1.511 0.218 137  5
2.40E-05 1.517 0.215 138  5
2.50E-05 1.522 0.212 139  5
2.60E-05 1.527 0.208 140  5
2.70E-05 1.531 0.204 141  5
2.80E-05 1.533 0.201 142  5
2.90E-05 1.534 0.198 143  5
3.00E-05 1.534 0.195 144  5
3.20E-05 1.531 0.193 145  5
3.40E-05 1.525 0.196 146  5
3.60E-05 1.520 0.204 147  5
3.80E-05 1.517 0.215 148  5
4.00E-05 1.515 0.229 149  5
4.20E-05 1.517 0.243 150  5
4.40E-05 1.522 0.259 151  5
4.60E-05 1.528 0.274 152  5
4.80E-05 1.537 0.290 153  5
5.00E-05 1.556 0.305 154  5
6.00E-05 1.625 0.349 155  5
7.00E-05 1.695 0.342 156  5
8.00E-05 1.733 0.325 157  5
9.00E-05 1.756 0.318 158  5
2.00E-07 1.438 0.000  1  6
2.25E-07 1.423 0.000  2  6
2.50E-07 1.416 0.000  3  6
2.75E-07 1.411 0.000  4  6
3.00E-07 1.408 0.000  5  6
3.25E-07 1.406 0.000  6  6
3.50E-07 1.404 0.000  7  6
3.75E-07 1.403 0.000  8  6
4.00E-07 1.401 0.000  9  6
4.25E-07 1.401 0.000 10  6
4.50E-07 1.400 0.000 11  6
4.75E-07 1.399 0.000 12  6
5.00E-07 1.399 0.000 13  6
5.25E-07 1.398 0.000 14  6
5.50E-07 1.398 0.000 15  6
5.75E-07 1.398 0.000 16  6
6.00E-07 1.397 0.000 17  6
6.25E-07 1.397 0.000 18  6
6.50E-07 1.396 0.000 19  6
6.75E-07 1.396 0.000 20  6
7.00E-07 1.396 0.000 21  6
7.25E-07 1.396 0.000 22  6
7.50E-07 1.396 0.000 23  6
7.75E-07 1.396 0.000 24  6
8.00E-07 1.395 0.000 25  6
8.25E-07 1.395 0.000 26  6
8.50E-07 1.395 0.000 27  6
8.75E-07 1.394 0.000 28  6
9.00E-07 1.394 0.000 29  6
9.25E-07 1.394 0.000 30  6
9.50E-07 1.394 0.000 31  6
9.75E-07 1.394 0.000 32  6
1.00E-06 1.394 0.000 33  6
1.20E-06 1.392 0.000 34  6
1.40E-06 1.390 0.000 35  6
1.60E-06 1.387 0.000 36  6
1.80E-06 1.384 0.000 37  6
2.00E-06 1.380 0.001 38  6
2.20E-06 1.374 0.000 39  6
2.40E-06 1.363 0.001 40  6
2.60E-06 1.340 0.002 41  6
2.65E-06 1.325 0.004 42  6
2.70E-06 1.305 0.012 43  6
2.75E-06 1.286 0.038 44  6
2.80E-06 1.276 0.073 45  6
2.85E-06 1.281 0.118 46  6
2.90E-06 1.314 0.171 47  6
2.95E-06 1.371 0.190 48  6
3.00E-06 1.422 0.173 49  6
3.05E-06 1.457 0.153 50  6
3.10E-06 1.483 0.122 51  6
3.15E-06 1.493 0.086 52  6
3.20E-06 1.490 0.059 53  6
3.25E-06 1.483 0.039 54  6
3.30E-06 1.472 0.024 55  6
3.35E-06 1.460 0.017 56  6
3.40E-06 1.453 0.013 57  6
3.45E-06 1.446 0.009 58  6
3.50E-06 1.440 0.006 59  6
3.60E-06 1.431 0.003 60  6
3.70E-06 1.424 0.003 61  6
3.80E-06 1.417 0.002 62  6
3.90E-06 1.413 0.003 63  6
4.00E-06 1.409 0.003 64  6
4.10E-06 1.406 0.004 65  6
4.20E-06 1.403 0.005 66  6
4.30E-06 1.401 0.006 67  6
4.40E-06 1.398 0.007 68  6
4.50E-06 1.397 0.009 69  6
4.60E-06 1.396 0.010 70  6
4.70E-06 1.396 0.010 71  6
4.80E-06 1.396 0.010 72  6
4.90E-06 1.394 0.009 73  6
5.00E-06 1.392 0.008 74  6
5.10E-06 1.391 0.007 75  6
5.20E-06 1.387 0.007 76  6
5.30E-06 1.384 0.006 77  6
5.40E-06 1.380 0.007 78  6
5.50E-06 1.375 0.008 79  6
5.60E-06 1.370 0.009 80  6
5.70E-06 1.362 0.013 81  6
5.80E-06 1.352 0.021 82  6
5.90E-06 1.343 0.040 83  6
6.00E-06 1.354 0.068 84  6
6.10E-06 1.389 0.083 85  6
6.20E-06 1.417 0.056 86  6
6.30E-06 1.413 0.036 87  6
6.40E-06 1.406 0.029 88  6
6.50E-06 1.401 0.025 89  6
6.60E-06 1.398 0.023 90  6
6.70E-06 1.395 0.022 91  6
6.80E-06 1.392 0.021 92  6
6.90E-06 1.390 0.021 93  6
7.00E-06 1.387 0.021 94  6
7.10E-06 1.385 0.021 95  6
7.20E-06 1.384 0.021 96  6
7.30E-06 1.382 0.021 97  6
7.40E-06 1.381 0.021 98  6
7.50E-06 1.379 0.021 99  6
7.60E-06 1.378 0.021 100  6
7.70E-06 1.376 0.021 101  6
7.80E-06 1.375 0.022 102  6
7.90E-06 1.373 0.022 103  6
8.00E-06 1.371 0.022 104  6
8.20E-06 1.368 0.023 105  6
8.40E-06 1.364 0.023 106  6
8.60E-06 1.361 0.024 107  6
8.80E-06 1.357 0.025 108  6
9.00E-06 1.352 0.026 109  6
9.20E-06 1.348 0.027 110  6
9.40E-06 1.343 0.028 111  6
9.60E-06 1.338 0.029 112  6
9.80E-06 1.331 0.031 113  6
1.00E-05 1.324 0.033 114  6
1.05E-05 1.303 0.042 115  6
1.10E-05 1.283 0.062 116  6
1.15E-05 1.266 0.090 117  6
1.20E-05 1.256 0.127 118  6
1.25E-05 1.264 0.165 119  6
1.30E-05 1.279 0.194 120  6
1.35E-05 1.298 0.218 121  6
1.40E-05 1.319 0.235 122  6
1.45E-05 1.339 0.247 123  6
1.50E-05 1.357 0.256 124  6
1.55E-05 1.375 0.263 125  6
1.60E-05 1.392 0.268 126  6
1.65E-05 1.409 0.272 127  6
1.70E-05 1.425 0.273 128  6
1.75E-05 1.441 0.273 129  6
1.80E-05 1.455 0.271 130  6
1.85E-05 1.467 0.268 131  6
1.90E-05 1.479 0.263 132  6
1.95E-05 1.488 0.257 133  6
2.00E-05 1.491 0.250 134  6
2.10E-05 1.495 0.243 135  6
2.20E-05 1.504 0.237 136  6
2.30E-05 1.511 0.233 137  6
2.40E-05 1.517 0.230 138  6
2.50E-05 1.523 0.226 139  6
2.60E-05 1.528 0.223 140  6
2.70E-05 1.532 0.219 141  6
2.80E-05 1.535 0.215 142  6
2.90E-05 1.536 0.212 143  6
3.00E-05 1.536 0.209 144  6
3.20E-05 1.533 0.206 145  6
3.40E-05 1.527 0.209 146  6
3.60E-05 1.521 0.218 147  6
3.80E-05 1.518 0.230 148  6
4.00E-05 1.516 0.245 149  6
4.20E-05 1.518 0.260 150  6
4.40E-05 1.523 0.277 151  6
4.60E-05 1.530 0.294 152  6
4.80E-05 1.539 0.310 153  6
5.00E-05 1.559 0.327 154  6
6.00E-05 1.633 0.373 155  6
7.00E-05 1.708 0.366 156  6
8.00E-05 1.749 0.348 157  6
9.00E-05 1.773 0.341 158  6
2.00E-07 1.430 0.000  1  7
2.25E-07 1.414 0.000  2  7
2.50E-07 1.406 0.000  3  7
2.75E-07 1.400 0.000  4  7
3.00E-07 1.397 0.000  5  7
3.25E-07 1.395 0.000  6  7
3.50E-07 1.392 0.000  7  7
3.75E-07 1.391 0.000  8  7
4.00E-07 1.390 0.000  9  7
4.25E-07 1.389 0.000 10  7
4.50E-07 1.388 0.000 11  7
4.75E-07 1.388 0.000 12  7
5.00E-07 1.387 0.000 13  7
5.25E-07 1.386 0.000 14  7
5.50E-07 1.385 0.000 15  7
5.75E-07 1.385 0.000 16  7
6.00E-07 1.385 0.000 17  7
6.25E-07 1.385 0.000 18  7
6.50E-07 1.384 0.000 19  7
6.75E-07 1.384 0.000 20  7
7.00E-07 1.384 0.000 21  7
7.25E-07 1.383 0.000 22  7
7.50E-07 1.383 0.000 23  7
7.75E-07 1.383 0.000 24  7
8.00E-07 1.383 0.000 25  7
8.25E-07 1.383 0.000 26  7
8.50E-07 1.383 0.000 27  7
8.75E-07 1.382 0.000 28  7
9.00E-07 1.382 0.000 29  7
9.25E-07 1.382 0.000 30  7
9.50E-07 1.381 0.000 31  7
9.75E-07 1.381 0.000 32  7
1.00E-06 1.381 0.000 33  7
1.20E-06 1.379 0.000 34  7
1.40E-06 1.377 0.000 35  7
1.60E-06 1.374 0.000 36  7
1.80E-06 1.371 0.000 37  7
2.00E-06 1.366 0.001 38  7
2.20E-06 1.359 0.000 39  7
2.40E-06 1.347 0.001 40  7
2.60E-06 1.321 0.002 41  7
2.65E-06 1.305 0.005 42  7
2.70E-06 1.283 0.014 43  7
2.75E-06 1.262 0.042 44  7
2.80E-06 1.251 0.081 45  7
2.85E-06 1.256 0.130 46  7
2.90E-06 1.293 0.189 47  7
2.95E-06 1.357 0.210 48  7
3.00E-06 1.412 0.192 49  7
3.05E-06 1.451 0.169 50  7
3.10E-06 1.480 0.135 51  7
3.15E-06 1.491 0.095 52  7
3.20E-06 1.487 0.065 53  7
3.25E-06 1.480 0.043 54  7
3.30E-06 1.468 0.026 55  7
3.35E-06 1.455 0.019 56  7
3.40E-06 1.447 0.014 57  7
3.45E-06 1.440 0.009 58  7
3.50E-06 1.433 0.007 59  7
3.60E-06 1.422 0.004 60  7
3.70E-06 1.414 0.003 61  7
3.80E-06 1.407 0.003 62  7
3.90E-06 1.402 0.003 63  7
4.00E-06 1.398 0.003 64  7
4.10E-06 1.395 0.004 65  7
4.20E-06 1.392 0.005 66  7
4.30E-06 1.389 0.006 67  7
4.40E-06 1.386 0.007 68  7
4.50E-06 1.385 0.010 69  7
4.60E-06 1.383 0.011 70  7
4.70E-06 1.383 0.011 71  7
4.80E-06 1.383 0.011 72  7
4.90E-06 1.382 0.010 73  7
5.00E-06 1.380 0.009 74  7
5.10E-06 1.378 0.008 75  7
5.20E-06 1.374 0.007 76  7
5.30E-06 1.371 0.007 77  7
5.40E-06 1.366 0.007 78  7
5.50E-06 1.361 0.008 79  7
5.60E-06 1.354 0.010 80  7
5.70E-06 1.346 0.014 81  7
5.80E-06 1.335 0.023 82  7
5.90E-06 1.326 0.044 83  7
6.00E-06 1.338 0.075 84  7
6.10E-06 1.376 0.092 85  7
6.20E-06 1.407 0.062 86  7
6.30E-06 1.402 0.040 87  7
6.40E-06 1.395 0.032 88  7
6.50E-06 1.390 0.028 89  7
6.60E-06 1.386 0.025 90  7
6.70E-06 1.383 0.024 91  7
6.80E-06 1.379 0.023 92  7
6.90E-06 1.377 0.023 93  7
7.00E-06 1.374 0.023 94  7
7.10E-06 1.372 0.023 95  7
7.20E-06 1.371 0.023 96  7
7.30E-06 1.369 0.023 97  7
7.40E-06 1.367 0.023 98  7
7.50E-06 1.365 0.023 99  7
7.60E-06 1.364 0.023 100  7
7.70E-06 1.362 0.023 101  7
7.80E-06 1.360 0.024 102  7
7.90E-06 1.358 0.024 103  7
8.00E-06 1.356 0.024 104  7
8.20E-06 1.352 0.025 105  7
8.40E-06 1.349 0.026 106  7
8.60E-06 1.345 0.026 107  7
8.80E-06 1.340 0.027 108  7
9.00E-06 1.335 0.028 109  7
9.20E-06 1.331 0.029 110  7
9.40E-06 1.325 0.031 111  7
9.60E-06 1.319 0.032 112  7
9.80E-06 1.312 0.034 113  7
1.00E-05 1.305 0.036 114  7
1.05E-05 1.281 0.047 115  7
1.10E-05 1.259 0.068 116  7
1.15E-05 1.240 0.100 117  7
1.20E-05 1.229 0.140 118  7
1.25E-05 1.238 0.182 119  7
1.30E-05 1.254 0.215 120  7
1.35E-05 1.276 0.242 121  7
1.40E-05 1.299 0.261 122  7
1.45E-05 1.321 0.273 123  7
1.50E-05 1.341 0.283 124  7
1.55E-05 1.360 0.292 125  7
1.60E-05 1.380 0.297 126  7
1.65E-05 1.398 0.301 127  7
1.70E-05 1.416 0.302 128  7
1.75E-05 1.433 0.302 129  7
1.80E-05 1.449 0.300 130  7
1.85E-05 1.463 0.296 131  7
1.90E-05 1.476 0.292 132  7
1.95E-05 1.486 0.284 133  7
2.00E-05 1.489 0.277 134  7
2.10E-05 1.494 0.269 135  7
2.20E-05 1.503 0.263 136  7
2.30E-05 1.511 0.258 137  7
2.40E-05 1.518 0.254 138  7
2.50E-05 1.525 0.251 139  7
2.60E-05 1.530 0.246 140  7
2.70E-05 1.535 0.242 141  7
2.80E-05 1.537 0.238 142  7
2.90E-05 1.539 0.235 143  7
3.00E-05 1.539 0.231 144  7
3.20E-05 1.535 0.228 145  7
3.40E-05 1.528 0.232 146  7
3.60E-05 1.522 0.242 147  7
3.80E-05 1.518 0.254 148  7
4.00E-05 1.516 0.271 149  7
4.20E-05 1.518 0.288 150  7
4.40E-05 1.524 0.307 151  7
4.60E-05 1.532 0.325 152  7
4.80E-05 1.542 0.344 153  7
5.00E-05 1.564 0.362 154  7
6.00E-05 1.646 0.413 155  7
7.00E-05 1.729 0.406 156  7
8.00E-05 1.775 0.385 157  7
9.00E-05 1.801 0.377 158  7
2.00E-07 1.424 0.000  1  8
2.25E-07 1.406 0.000  2  8
2.50E-07 1.398 0.000  3  8
2.75E-07 1.392 0.000  4  8
3.00E-07 1.388 0.000  5  8
3.25E-07 1.386 0.000  6  8
3.50E-07 1.384 0.000  7  8
3.75E-07 1.382 0.000  8  8
4.00E-07 1.381 0.000  9  8
4.25E-07 1.380 0.000 10  8
4.50E-07 1.379 0.000 11  8
4.75E-07 1.378 0.000 12  8
5.00E-07 1.378 0.000 13  8
5.25E-07 1.377 0.000 14  8
5.50E-07 1.376 0.000 15  8
5.75E-07 1.376 0.000 16  8
6.00E-07 1.375 0.000 17  8
6.25E-07 1.375 0.000 18  8
6.50E-07 1.375 0.000 19  8
6.75E-07 1.375 0.000 20  8
7.00E-07 1.375 0.000 21  8
7.25E-07 1.374 0.000 22  8
7.50E-07 1.374 0.000 23  8
7.75E-07 1.374 0.000 24  8
8.00E-07 1.373 0.000 25  8
8.25E-07 1.373 0.000 26  8
8.50E-07 1.373 0.000 27  8
8.75E-07 1.372 0.000 28  8
9.00E-07 1.372 0.000 29  8
9.25E-07 1.372 0.000 30  8
9.50E-07 1.372 0.000 31  8
9.75E-07 1.372 0.000 32  8
1.00E-06 1.372 0.000 33  8
1.20E-06 1.369 0.000 34  8
1.40E-06 1.367 0.000 35  8
1.60E-06 1.364 0.000 36  8
1.80E-06 1.360 0.000 37  8
2.00E-06 1.356 0.001 38  8
2.20E-06 1.348 0.000 39  8
2.40E-06 1.335 0.001 40  8
2.60E-06 1.307 0.003 41  8
2.65E-06 1.290 0.005 42  8
2.70E-06 1.267 0.015 43  8
2.75E-06 1.243 0.045 44  8
2.80E-06 1.232 0.087 45  8
2.85E-06 1.237 0.140 46  8
2.90E-06 1.276 0.203 47  8
2.95E-06 1.345 0.225 48  8
3.00E-06 1.405 0.206 49  8
3.05E-06 1.447 0.182 50  8
3.10E-06 1.477 0.145 51  8
3.15E-06 1.490 0.102 52  8
3.20E-06 1.486 0.070 53  8
3.25E-06 1.477 0.046 54  8
3.30E-06 1.465 0.028 55  8
3.35E-06 1.451 0.020 56  8
3.40E-06 1.442 0.015 57  8
3.45E-06 1.434 0.010 58  8
3.50E-06 1.427 0.007 59  8
3.60E-06 1.416 0.004 60  8
3.70E-06 1.407 0.003 61  8
3.80E-06 1.400 0.003 62  8
3.90E-06 1.394 0.003 63  8
4.00E-06 1.390 0.004 64  8
4.10E-06 1.386 0.004 65  8
4.20E-06 1.383 0.005 66  8
4.30E-06 1.380 0.007 67  8
4.40E-06 1.377 0.008 68  8
4.50E-06 1.375 0.010 69  8
4.60E-06 1.374 0.011 70  8
4.70E-06 1.374 0.012 71  8
4.80E-06 1.374 0.011 72  8
4.90E-06 1.372 0.011 73  8
5.00E-06 1.370 0.010 74  8
5.10E-06 1.368 0.009 75  8
5.20E-06 1.364 0.008 76  8
5.30E-06 1.360 0.008 77  8
5.40E-06 1.355 0.008 78  8
5.50E-06 1.350 0.009 79  8
5.60E-06 1.343 0.011 80  8
5.70E-06 1.334 0.015 81  8
5.80E-06 1.323 0.025 82  8
5.90E-06 1.312 0.047 83  8
6.00E-06 1.325 0.081 84  8
6.10E-06 1.366 0.099 85  8
6.20E-06 1.399 0.067 86  8
6.30E-06 1.394 0.043 87  8
6.40E-06 1.387 0.034 88  8
6.50E-06 1.381 0.030 89  8
6.60E-06 1.377 0.027 90  8
6.70E-06 1.373 0.026 91  8
6.80E-06 1.369 0.025 92  8
6.90E-06 1.367 0.024 93  8
7.00E-06 1.364 0.024 94  8
7.10E-06 1.362 0.024 95  8
7.20E-06 1.360 0.024 96  8
7.30E-06 1.358 0.024 97  8
7.40E-06 1.357 0.025 98  8
7.50E-06 1.354 0.025 99  8
7.60E-06 1.353 0.025 100  8
7.70E-06 1.351 0.025 101  8
7.80E-06 1.349 0.025 102  8
7.90E-06 1.347 0.026 103  8
8.00E-06 1.344 0.026 104  8
8.20E-06 1.341 0.027 105  8
8.40E-06 1.337 0.027 106  8
8.60E-06 1.332 0.028 107  8
8.80E-06 1.328 0.029 108  8
9.00E-06 1.323 0.030 109  8
9.20E-06 1.317 0.032 110  8
9.40E-06 1.311 0.033 111  8
9.60E-06 1.305 0.034 112  8
9.80E-06 1.298 0.036 113  8
1.00E-05 1.289 0.039 114  8
1.05E-05 1.264 0.050 115  8
1.10E-05 1.240 0.073 116  8
1.15E-05 1.220 0.107 117  8
1.20E-05 1.208 0.151 118  8
1.25E-05 1.217 0.196 119  8
1.30E-05 1.235 0.231 120  8
1.35E-05 1.258 0.259 121  8
1.40E-05 1.283 0.280 122  8
1.45E-05 1.307 0.293 123  8
1.50E-05 1.329 0.304 124  8
1.55E-05 1.349 0.313 125  8
1.60E-05 1.370 0.319 126  8
1.65E-05 1.390 0.324 127  8
1.70E-05 1.409 0.324 128  8
1.75E-05 1.428 0.324 129  8
1.80E-05 1.444 0.322 130  8
1.85E-05 1.459 0.318 131  8
1.90E-05 1.473 0.313 132  8
1.95E-05 1.484 0.306 133  8
2.00E-05 1.487 0.297 134  8
2.10E-05 1.493 0.289 135  8
2.20E-05 1.502 0.282 136  8
2.30E-05 1.511 0.278 137  8
2.40E-05 1.518 0.273 138  8
2.50E-05 1.526 0.269 139  8
2.60E-05 1.532 0.265 140  8
2.70E-05 1.536 0.260 141  8
2.80E-05 1.539 0.256 142  8
2.90E-05 1.541 0.252 143  8
3.00E-05 1.541 0.248 144  8
3.20E-05 1.537 0.245 145  8
3.40E-05 1.530 0.249 146  8
3.60E-05 1.523 0.259 147  8
3.80E-05 1.519 0.273 148  8
4.00E-05 1.517 0.291 149  8
4.20E-05 1.519 0.309 150  8
4.40E-05 1.525 0.330 151  8
4.60E-05 1.533 0.349 152  8
4.80E-05 1.544 0.369 153  8
5.00E-05 1.568 0.389 154  8
6.00E-05 1.656 0.444 155  8
7.00E-05 1.745 0.436 156  8
8.00E-05 1.794 0.414 157  8
9.00E-05 1.823 0.405 158  8
2.00E-07 1.419 0.000  1  9
2.25E-07 1.401 0.000  2  9
2.50E-07 1.392 0.000  3  9
2.75E-07 1.386 0.000  4  9
3.00E-07 1.382 0.000  5  9
3.25E-07 1.379 0.000  6  9
3.50E-07 1.377 0.000  7  9
3.75E-07 1.375 0.000  8  9
4.00E-07 1.374 0.000  9  9
4.25E-07 1.373 0.000 10  9
4.50E-07 1.372 0.000 11  9
4.75E-07 1.371 0.000 12  9
5.00E-07 1.371 0.000 13  9
5.25E-07 1.370 0.000 14  9
5.50E-07 1.369 0.000 15  9
5.75E-07 1.369 0.000 16  9
6.00E-07 1.368 0.000 17  9
6.25E-07 1.368 0.000 18  9
6.50E-07 1.367 0.000 19  9
6.75E-07 1.367 0.000 20  9
7.00E-07 1.367 0.000 21  9
7.25E-07 1.367 0.000 22  9
7.50E-07 1.367 0.000 23  9
7.75E-07 1.367 0.000 24  9
8.00E-07 1.366 0.000 25  9
8.25E-07 1.366 0.000 26  9
8.50E-07 1.366 0.000 27  9
8.75E-07 1.365 0.000 28  9
9.00E-07 1.365 0.000 29  9
9.25E-07 1.365 0.000 30  9
9.50E-07 1.364 0.000 31  9
9.75E-07 1.364 0.000 32  9
1.00E-06 1.364 0.000 33  9
1.20E-06 1.362 0.000 34  9
1.40E-06 1.359 0.000 35  9
1.60E-06 1.356 0.000 36  9
1.80E-06 1.352 0.000 37  9
2.00E-06 1.348 0.001 38  9
2.20E-06 1.340 0.000 39  9
2.40E-06 1.326 0.001 40  9
2.60E-06 1.297 0.003 41  9
2.65E-06 1.278 0.005 42  9
2.70E-06 1.254 0.015 43  9
2.75E-06 1.229 0.047 44  9
2.80E-06 1.217 0.092 45  9
2.85E-06 1.222 0.147 46  9
2.90E-06 1.264 0.214 47  9
2.95E-06 1.336 0.237 48  9
3.00E-06 1.399 0.217 49  9
3.05E-06 1.443 0.191 50  9
3.10E-06 1.476 0.153 51  9
3.15E-06 1.488 0.108 52  9
3.20E-06 1.485 0.074 53  9
3.25E-06 1.476 0.049 54  9
3.30E-06 1.462 0.029 55  9
3.35E-06 1.448 0.021 56  9
3.40E-06 1.438 0.016 57  9
3.45E-06 1.430 0.011 58  9
3.50E-06 1.422 0.008 59  9
3.60E-06 1.410 0.004 60  9
3.70E-06 1.402 0.003 61  9
3.80E-06 1.394 0.003 62  9
3.90E-06 1.388 0.003 63  9
4.00E-06 1.383 0.004 64  9
4.10E-06 1.379 0.005 65  9
4.20E-06 1.376 0.006 66  9
4.30E-06 1.373 0.007 67  9
4.40E-06 1.370 0.008 68  9
4.50E-06 1.368 0.011 69  9
4.60E-06 1.367 0.012 70  9
4.70E-06 1.367 0.013 71  9
4.80E-06 1.367 0.012 72  9
4.90E-06 1.365 0.011 73  9
5.00E-06 1.363 0.010 74  9
5.10E-06 1.360 0.009 75  9
5.20E-06 1.356 0.008 76  9
5.30E-06 1.352 0.008 77  9
5.40E-06 1.347 0.008 78  9
5.50E-06 1.341 0.009 79  9
5.60E-06 1.334 0.011 80  9
5.70E-06 1.324 0.016 81  9
5.80E-06 1.312 0.026 82  9
5.90E-06 1.301 0.050 83  9
6.00E-06 1.315 0.085 84  9
6.10E-06 1.358 0.104 85  9
6.20E-06 1.393 0.070 86  9
6.30E-06 1.388 0.046 87  9
6.40E-06 1.380 0.036 88  9
6.50E-06 1.374 0.031 89  9
6.60E-06 1.370 0.028 90  9
6.70E-06 1.366 0.027 91  9
6.80E-06 1.362 0.026 92  9
6.90E-06 1.359 0.026 93  9
7.00E-06 1.356 0.026 94  9
7.10E-06 1.354 0.026 95  9
7.20E-06 1.352 0.026 96  9
7.30E-06 1.350 0.026 97  9
7.40E-06 1.348 0.026 98  9
7.50E-06 1.346 0.026 99  9
7.60E-06 1.344 0.026 100  9
7.70E-06 1.342 0.026 101  9
7.80E-06 1.340 0.027 102  9
7.90E-06 1.338 0.027 103  9
8.00E-06 1.336 0.027 104  9
8.20E-06 1.332 0.028 105  9
8.40E-06 1.328 0.029 106  9
8.60E-06 1.323 0.030 107  9
8.80E-06 1.318 0.031 108  9
9.00E-06 1.312 0.032 109  9
9.20E-06 1.307 0.033 110  9
9.40E-06 1.301 0.035 111  9
9.60E-06 1.294 0.036 112  9
9.80E-06 1.286 0.038 113  9
1.00E-05 1.277 0.041 114  9
1.05E-05 1.251 0.053 115  9
1.10E-05 1.226 0.077 116  9
1.15E-05 1.204 0.113 117  9
1.20E-05 1.192 0.159 118  9
1.25E-05 1.202 0.206 119  9
1.30E-05 1.220 0.243 120  9
1.35E-05 1.245 0.273 121  9
1.40E-05 1.271 0.295 122  9
1.45E-05 1.296 0.309 123  9
1.50E-05 1.319 0.320 124  9
1.55E-05 1.340 0.330 125  9
1.60E-05 1.363 0.336 126  9
1.65E-05 1.383 0.341 127  9
1.70E-05 1.403 0.342 128  9
1.75E-05 1.423 0.342 129  9
1.80E-05 1.441 0.339 130  9
1.85E-05 1.457 0.335 131  9
1.90E-05 1.471 0.330 132  9
1.95E-05 1.483 0.322 133  9
2.00E-05 1.486 0.313 134  9
2.10E-05 1.492 0.304 135  9
2.20E-05 1.502 0.297 136  9
2.30E-05 1.511 0.292 137  9
2.40E-05 1.519 0.288 138  9
2.50E-05 1.527 0.284 139  9
2.60E-05 1.533 0.279 140  9
2.70E-05 1.538 0.274 141  9
2.80E-05 1.541 0.269 142  9
2.90E-05 1.543 0.265 143  9
3.00E-05 1.543 0.261 144  9
3.20E-05 1.539 0.258 145  9
3.40E-05 1.531 0.262 146  9
3.60E-05 1.524 0.273 147  9
3.80E-05 1.520 0.288 148  9
4.00E-05 1.517 0.307 149  9
4.20E-05 1.520 0.326 150  9
4.40E-05 1.526 0.347 151  9
4.60E-05 1.535 0.368 152  9
4.80E-05 1.546 0.389 153  9
5.00E-05 1.571 0.410 154  9
6.00E-05 1.664 0.468 155  9
7.00E-05 1.758 0.459 156  9
8.00E-05 1.809 0.436 157  9
9.00E-05 1.840 0.427 158  9
2.00E-07 1.416 0.000  1 10
2.25E-07 1.396 0.000  2 10
2.50E-07 1.387 0.000  3 10
2.75E-07 1.381 0.000  4 10
3.00E-07 1.377 0.000  5 10
3.25E-07 1.374 0.000  6 10
3.50E-07 1.372 0.000  7 10
3.75E-07 1.370 0.000  8 10
4.00E-07 1.368 0.000  9 10
4.25E-07 1.367 0.000 10 10
4.50E-07 1.367 0.000 11 10
4.75E-07 1.366 0.000 12 10
5.00E-07 1.365 0.000 13 10
5.25E-07 1.364 0.000 14 10
5.50E-07 1.363 0.000 15 10
5.75E-07 1.363 0.000 16 10
6.00E-07 1.363 0.000 17 10
6.25E-07 1.363 0.000 18 10
6.50E-07 1.362 0.000 19 10
6.75E-07 1.362 0.000 20 10
7.00E-07 1.362 0.000 21 10
7.25E-07 1.361 0.000 22 10
7.50E-07 1.361 0.000 23 10
7.75E-07 1.361 0.000 24 10
8.00E-07 1.360 0.000 25 10
8.25E-07 1.360 0.000 26 10
8.50E-07 1.360 0.000 27 10
8.75E-07 1.359 0.000 28 10
9.00E-07 1.359 0.000 29 10
9.25E-07 1.359 0.000 30 10
9.50E-07 1.358 0.000 31 10
9.75E-07 1.358 0.000 32 10
1.00E-06 1.358 0.000 33 10
1.20E-06 1.356 0.000 34 10
1.40E-06 1.353 0.000 35 10
1.60E-06 1.350 0.000 36 10
1.80E-06 1.346 0.000 37 10
2.00E-06 1.341 0.001 38 10
2.20E-06 1.333 0.000 39 10
2.40E-06 1.319 0.001 40 10
2.60E-06 1.288 0.003 41 10
2.65E-06 1.269 0.006 42 10
2.70E-06 1.243 0.016 43 10
2.75E-06 1.218 0.049 44 10
2.80E-06 1.205 0.095 45 10
2.85E-06 1.211 0.153 46 10
2.90E-06 1.254 0.222 47 10
2.95E-06 1.329 0.247 48 10
3.00E-06 1.395 0.225 49 10
3.05E-06 1.440 0.199 50 10
3.10E-06 1.474 0.159 51 10
3.15E-06 1.488 0.112 52 10
3.20E-06 1.483 0.077 53 10
3.25E-06 1.474 0.051 54 10
3.30E-06 1.460 0.031 55 10
3.35E-06 1.445 0.022 56 10
3.40E-06 1.435 0.016 57 10
3.45E-06 1.427 0.011 58 10
3.50E-06 1.419 0.008 59 10
3.60E-06 1.406 0.004 60 10
3.70E-06 1.397 0.003 61 10
3.80E-06 1.389 0.003 62 10
3.90E-06 1.383 0.003 63 10
4.00E-06 1.378 0.004 64 10
4.10E-06 1.374 0.005 65 10
4.20E-06 1.371 0.006 66 10
4.30E-06 1.367 0.007 67 10
4.40E-06 1.364 0.009 68 10
4.50E-06 1.363 0.011 69 10
4.60E-06 1.361 0.012 70 10
4.70E-06 1.361 0.013 71 10
4.80E-06 1.361 0.013 72 10
4.90E-06 1.359 0.011 73 10
5.00E-06 1.357 0.010 74 10
5.10E-06 1.354 0.009 75 10
5.20E-06 1.350 0.008 76 10
5.30E-06 1.346 0.008 77 10
5.40E-06 1.340 0.009 78 10
5.50E-06 1.334 0.010 79 10
5.60E-06 1.327 0.012 80 10
5.70E-06 1.317 0.017 81 10
5.80E-06 1.305 0.027 82 10
5.90E-06 1.293 0.052 83 10
6.00E-06 1.307 0.089 84 10
6.10E-06 1.352 0.109 85 10
6.20E-06 1.388 0.073 86 10
6.30E-06 1.383 0.047 87 10
6.40E-06 1.375 0.037 88 10
6.50E-06 1.368 0.033 89 10
6.60E-06 1.364 0.030 90 10
6.70E-06 1.360 0.028 91 10
6.80E-06 1.356 0.027 92 10
6.90E-06 1.353 0.027 93 10
7.00E-06 1.350 0.027 94 10
7.10E-06 1.348 0.027 95 10
7.20E-06 1.346 0.027 96 10
7.30E-06 1.343 0.027 97 10
7.40E-06 1.342 0.027 98 10
7.50E-06 1.339 0.027 99 10
7.60E-06 1.338 0.027 100 10
7.70E-06 1.335 0.028 101 10
7.80E-06 1.334 0.028 102 10
7.90E-06 1.331 0.028 103 10
8.00E-06 1.329 0.029 104 10
8.20E-06 1.324 0.029 105 10
8.40E-06 1.320 0.030 106 10
8.60E-06 1.315 0.031 107 10
8.80E-06 1.310 0.032 108 10
9.00E-06 1.305 0.033 109 10
9.20E-06 1.299 0.034 110 10
9.40E-06 1.292 0.036 111 10
9.60E-06 1.285 0.038 112 10
9.80E-06 1.277 0.040 113 10
1.00E-05 1.268 0.042 114 10
1.05E-05 1.241 0.055 115 10
1.10E-05 1.214 0.080 116 10
1.15E-05 1.192 0.118 117 10
1.20E-05 1.179 0.165 118 10
1.25E-05 1.189 0.215 119 10
1.30E-05 1.208 0.253 120 10
1.35E-05 1.234 0.284 121 10
1.40E-05 1.261 0.307 122 10
1.45E-05 1.287 0.322 123 10
1.50E-05 1.311 0.333 124 10
1.55E-05 1.334 0.343 125 10
1.60E-05 1.357 0.350 126 10
1.65E-05 1.378 0.355 127 10
1.70E-05 1.399 0.356 128 10
1.75E-05 1.420 0.356 129 10
1.80E-05 1.438 0.353 130 10
1.85E-05 1.454 0.349 131 10
1.90E-05 1.469 0.343 132 10
1.95E-05 1.482 0.335 133 10
2.00E-05 1.485 0.326 134 10
2.10E-05 1.491 0.317 135 10
2.20E-05 1.502 0.309 136 10
2.30E-05 1.511 0.304 137 10
2.40E-05 1.519 0.299 138 10
2.50E-05 1.527 0.295 139 10
2.60E-05 1.534 0.290 140 10
2.70E-05 1.539 0.285 141 10
2.80E-05 1.542 0.280 142 10
2.90E-05 1.544 0.276 143 10
3.00E-05 1.544 0.272 144 10
3.20E-05 1.540 0.269 145 10
3.40E-05 1.532 0.273 146 10
3.60E-05 1.524 0.284 147 10
3.80E-05 1.520 0.299 148 10
4.00E-05 1.517 0.319 149 10
4.20E-05 1.520 0.339 150 10
4.40E-05 1.527 0.361 151 10
4.60E-05 1.536 0.383 152 10
4.80E-05 1.547 0.404 153 10
5.00E-05 1.574 0.426 154 10
6.00E-05 1.670 0.486 155 10
7.00E-05 1.768 0.477 156 10
8.00E-05 1.822 0.453 157 10
9.00E-05 1.853 0.444 158 10
2.00E-07 1.410 0.000  1 11
2.25E-07 1.390 0.000  2 11
2.50E-07 1.381 0.000  3 11
2.75E-07 1.374 0.000  4 11
3.00E-07 1.369 0.000  5 11
3.25E-07 1.367 0.000  6 11
3.50E-07 1.364 0.000  7 11
3.75E-07 1.362 0.000  8 11
4.00E-07 1.360 0.000  9 11
4.25E-07 1.360 0.000 10 11
4.50E-07 1.359 0.000 11 11
4.75E-07 1.358 0.000 12 11
5.00E-07 1.357 0.000 13 11
5.25E-07 1.356 0.000 14 11
5.50E-07 1.355 0.000 15 11
5.75E-07 1.355 0.000 16 11
6.00E-07 1.354 0.000 17 11
6.25E-07 1.354 0.000 18 11
6.50E-07 1.353 0.000 19 11
6.75E-07 1.353 0.000 20 11
7.00E-07 1.353 0.000 21 11
7.25E-07 1.353 0.000 22 11
7.50E-07 1.353 0.000 23 11
7.75E-07 1.353 0.000 24 11
8.00E-07 1.352 0.000 25 11
8.25E-07 1.352 0.000 26 11
8.50E-07 1.352 0.000 27 11
8.75E-07 1.351 0.000 28 11
9.00E-07 1.351 0.000 29 11
9.25E-07 1.351 0.000 30 11
9.50E-07 1.350 0.000 31 11
9.75E-07 1.350 0.000 32 11
1.00E-06 1.350 0.000 33 11
1.20E-06 1.347 0.000 34 11
1.40E-06 1.345 0.000 35 11
1.60E-06 1.341 0.000 36 11
1.80E-06 1.337 0.000 37 11
2.00E-06 1.332 0.001 38 11
2.20E-06 1.323 0.000 39 11
2.40E-06 1.308 0.001 40 11
2.60E-06 1.276 0.003 41 11
2.65E-06 1.255 0.006 42 11
2.70E-06 1.228 0.017 43 11
2.75E-06 1.201 0.052 44 11
2.80E-06 1.188 0.101 45 11
2.85E-06 1.194 0.162 46 11
2.90E-06 1.240 0.235 47 11
2.95E-06 1.319 0.261 48 11
3.00E-06 1.388 0.238 49 11
3.05E-06 1.436 0.210 50 11
3.10E-06 1.472 0.168 51 11
3.15E-06 1.486 0.118 52 11
3.20E-06 1.482 0.081 53 11
3.25E-06 1.472 0.053 54 11
3.30E-06 1.458 0.032 55 11
3.35E-06 1.442 0.023 56 11
3.40E-06 1.431 0.017 57 11
3.45E-06 1.422 0.012 58 11
3.50E-06 1.414 0.008 59 11
3.60E-06 1.401 0.005 60 11
3.70E-06 1.391 0.003 61 11
3.80E-06 1.382 0.003 62 11
3.90E-06 1.376 0.003 63 11
4.00E-06 1.371 0.004 64 11
4.10E-06 1.367 0.005 65 11
4.20E-06 1.363 0.006 66 11
4.30E-06 1.360 0.007 67 11
4.40E-06 1.356 0.009 68 11
4.50E-06 1.354 0.012 69 11
4.60E-06 1.353 0.013 70 11
4.70E-06 1.353 0.014 71 11
4.80E-06 1.353 0.013 72 11
4.90E-06 1.351 0.012 73 11
5.00E-06 1.348 0.011 74 11
5.10E-06 1.346 0.010 75 11
5.20E-06 1.341 0.009 76 11
5.30E-06 1.337 0.009 77 11
5.40E-06 1.331 0.009 78 11
5.50E-06 1.325 0.010 79 11
5.60E-06 1.317 0.013 80 11
5.70E-06 1.306 0.018 81 11
5.80E-06 1.293 0.029 82 11
5.90E-06 1.281 0.054 83 11
6.00E-06 1.296 0.094 84 11
6.10E-06 1.343 0.115 85 11
6.20E-06 1.381 0.077 86 11
6.30E-06 1.376 0.050 87 11
6.40E-06 1.367 0.039 88 11
6.50E-06 1.360 0.034 89 11
6.60E-06 1.356 0.031 90 11
6.70E-06 1.352 0.030 91 11
6.80E-06 1.347 0.029 92 11
6.90E-06 1.345 0.028 93 11
7.00E-06 1.341 0.028 94 11
7.10E-06 1.339 0.028 95 11
7.20E-06 1.337 0.028 96 11
7.30E-06 1.334 0.028 97 11
7.40E-06 1.332 0.028 98 11
7.50E-06 1.330 0.029 99 11
7.60E-06 1.328 0.029 100 11
7.70E-06 1.325 0.029 101 11
7.80E-06 1.324 0.029 102 11
7.90E-06 1.321 0.030 103 11
8.00E-06 1.318 0.030 104 11
8.20E-06 1.314 0.031 105 11
8.40E-06 1.310 0.032 106 11
8.60E-06 1.304 0.033 107 11
8.80E-06 1.299 0.034 108 11
9.00E-06 1.293 0.035 109 11
9.20E-06 1.287 0.036 110 11
9.40E-06 1.280 0.038 111 11
9.60E-06 1.273 0.040 112 11
9.80E-06 1.264 0.042 113 11
1.00E-05 1.254 0.045 114 11
1.05E-05 1.226 0.058 115 11
1.10E-05 1.198 0.085 116 11
1.15E-05 1.174 0.124 117 11
1.20E-05 1.161 0.174 118 11
1.25E-05 1.171 0.227 119 11
1.30E-05 1.192 0.267 120 11
1.35E-05 1.219 0.300 121 11
1.40E-05 1.248 0.324 122 11
1.45E-05 1.275 0.340 123 11
1.50E-05 1.300 0.352 124 11
1.55E-05 1.324 0.362 125 11
1.60E-05 1.348 0.369 126 11
1.65E-05 1.371 0.375 127 11
1.70E-05 1.393 0.375 128 11
1.75E-05 1.415 0.375 129 11
1.80E-05 1.434 0.373 130 11
1.85E-05 1.451 0.368 131 11
1.90E-05 1.467 0.362 132 11
1.95E-05 1.480 0.354 133 11
2.00E-05 1.484 0.344 134 11
2.10E-05 1.490 0.334 135 11
2.20E-05 1.501 0.326 136 11
2.30E-05 1.511 0.321 137 11
2.40E-05 1.520 0.316 138 11
2.50E-05 1.528 0.312 139 11
2.60E-05 1.535 0.306 140 11
2.70E-05 1.541 0.301 141 11
2.80E-05 1.544 0.296 142 11
2.90E-05 1.546 0.291 143 11
3.00E-05 1.546 0.287 144 11
3.20E-05 1.542 0.284 145 11
3.40E-05 1.533 0.288 146 11
3.60E-05 1.525 0.300 147 11
3.80E-05 1.520 0.316 148 11
4.00E-05 1.518 0.337 149 11
4.20E-05 1.520 0.358 150 11
4.40E-05 1.528 0.382 151 11
4.60E-05 1.537 0.404 152 11
4.80E-05 1.549 0.427 153 11
5.00E-05 1.577 0.450 154 11
6.00E-05 1.679 0.514 155 11
7.00E-05 1.782 0.504 156 11
8.00E-05 1.839 0.479 157 11
9.00E-05 1.872 0.469 158 11
2.00E-07 1.407 0.000  1 12
2.25E-07 1.386 0.000  2 12
2.50E-07 1.376 0.000  3 12
2.75E-07 1.369 0.000  4 12
3.00E-07 1.364 0.000  5 12
3.25E-07 1.361 0.000  6 12
3.50E-07 1.359 0.000  7 12
3.75E-07 1.357 0.000  8 12
4.00E-07 1.355 0.000  9 12
4.25E-07 1.354 0.000 10 12
4.50E-07 1.353 0.000 11 12
4.75E-07 1.352 0.000 12 12
5.00E-07 1.351 0.000 13 12
5.25E-07 1.351 0.000 14 12
5.50E-07 1.350 0.000 15 12
5.75E-07 1.350 0.000 16 12
6.00E-07 1.349 0.000 17 12
6.25E-07 1.349 0.000 18 12
6.50E-07 1.348 0.000 19 12
6.75E-07 1.348 0.000 20 12
7.00E-07 1.348 0.000 21 12
7.25E-07 1.347 0.000 22 12
7.50E-07 1.347 0.000 23 12
7.75E-07 1.347 0.000 24 12
8.00E-07 1.346 0.000 25 12
8.25E-07 1.346 0.000 26 12
8.50E-07 1.346 0.000 27 12
8.75E-07 1.345 0.000 28 12
9.00E-07 1.345 0.000 29 12
9.25E-07 1.345 0.000 30 12
9.50E-07 1.344 0.000 31 12
9.75E-07 1.344 0.000 32 12
1.00E-06 1.344 0.000 33 12
1.20E-06 1.341 0.000 34 12
1.40E-06 1.339 0.000 35 12
1.60E-06 1.335 0.000 36 12
1.80E-06 1.331 0.000 37 12
2.00E-06 1.325 0.001 38 12
2.20E-06 1.316 0.000 39 12
2.40E-06 1.301 0.001 40 12
2.60E-06 1.267 0.003 41 12
2.65E-06 1.246 0.006 42 12
2.70E-06 1.218 0.017 43 12
2.75E-06 1.190 0.054 44 12
2.80E-06 1.177 0.104 45 12
2.85E-06 1.183 0.168 46 12
2.90E-06 1.230 0.243 47 12
2.95E-06 1.312 0.270 48 12
3.00E-06 1.384 0.247 49 12
3.05E-06 1.434 0.218 50 12
3.10E-06 1.471 0.174 51 12
3.15E-06 1.486 0.122 52 12
3.20E-06 1.481 0.084 53 12
3.25E-06 1.471 0.055 54 12
3.30E-06 1.456 0.033 55 12
3.35E-06 1.439 0.024 56 12
3.40E-06 1.428 0.018 57 12
3.45E-06 1.419 0.012 58 12
3.50E-06 1.410 0.009 59 12
3.60E-06 1.397 0.005 60 12
3.70E-06 1.387 0.003 61 12
3.80E-06 1.378 0.003 62 12
3.90E-06 1.371 0.003 63 12
4.00E-06 1.366 0.004 64 12
4.10E-06 1.361 0.005 65 12
4.20E-06 1.358 0.006 66 12
4.30E-06 1.354 0.008 67 12
4.40E-06 1.351 0.009 68 12
4.50E-06 1.349 0.012 69 12
4.60E-06 1.347 0.013 70 12
4.70E-06 1.347 0.014 71 12
4.80E-06 1.347 0.014 72 12
4.90E-06 1.345 0.012 73 12
5.00E-06 1.342 0.011 74 12
5.10E-06 1.340 0.010 75 12
5.20E-06 1.335 0.009 76 12
5.30E-06 1.331 0.009 77 12
5.40E-06 1.324 0.009 78 12
5.50E-06 1.318 0.011 79 12
5.60E-06 1.310 0.013 80 12
5.70E-06 1.299 0.018 81 12
5.80E-06 1.285 0.030 82 12
5.90E-06 1.273 0.056 83 12
6.00E-06 1.288 0.097 84 12
6.10E-06 1.337 0.119 85 12
6.20E-06 1.377 0.080 86 12
6.30E-06 1.371 0.052 87 12
6.40E-06 1.362 0.041 88 12
6.50E-06 1.355 0.036 89 12
6.60E-06 1.351 0.032 90 12
6.70E-06 1.346 0.031 91 12
6.80E-06 1.341 0.030 92 12
6.90E-06 1.339 0.029 93 12
7.00E-06 1.335 0.029 94 12
7.10E-06 1.332 0.029 95 12
7.20E-06 1.331 0.029 96 12
7.30E-06 1.328 0.029 97 12
7.40E-06 1.326 0.029 98 12
7.50E-06 1.323 0.030 99 12
7.60E-06 1.322 0.030 100 12
7.70E-06 1.319 0.030 101 12
7.80E-06 1.317 0.030 102 12
7.90E-06 1.314 0.031 103 12
8.00E-06 1.312 0.031 104 12
8.20E-06 1.307 0.032 105 12
8.40E-06 1.303 0.033 106 12
8.60E-06 1.297 0.034 107 12
8.80E-06 1.292 0.035 108 12
9.00E-06 1.285 0.036 109 12
9.20E-06 1.279 0.038 110 12
9.40E-06 1.272 0.039 111 12
9.60E-06 1.264 0.041 112 12
9.80E-06 1.255 0.043 113 12
1.00E-05 1.245 0.046 114 12
1.05E-05 1.216 0.060 115 12
1.10E-05 1.187 0.088 116 12
1.15E-05 1.162 0.129 117 12
1.20E-05 1.148 0.180 118 12
1.25E-05 1.159 0.235 119 12
1.30E-05 1.180 0.276 120 12
1.35E-05 1.208 0.311 121 12
1.40E-05 1.238 0.335 122 12
1.45E-05 1.266 0.352 123 12
1.50E-05 1.293 0.364 124 12
1.55E-05 1.317 0.375 125 12
1.60E-05 1.342 0.382 126 12
1.65E-05 1.366 0.388 127 12
1.70E-05 1.389 0.389 128 12
1.75E-05 1.411 0.389 129 12
1.80E-05 1.431 0.386 130 12
1.85E-05 1.449 0.382 131 12
1.90E-05 1.466 0.375 132 12
1.95E-05 1.479 0.366 133 12
2.00E-05 1.483 0.356 134 12
2.10E-05 1.489 0.346 135 12
2.20E-05 1.501 0.338 136 12
2.30E-05 1.511 0.333 137 12
2.40E-05 1.520 0.327 138 12
2.50E-05 1.529 0.323 139 12
2.60E-05 1.536 0.317 140 12
2.70E-05 1.542 0.312 141 12
2.80E-05 1.545 0.306 142 12
2.90E-05 1.547 0.302 143 12
3.00E-05 1.547 0.297 144 12
3.20E-05 1.543 0.294 145 12
3.40E-05 1.534 0.298 146 12
3.60E-05 1.525 0.311 147 12
3.80E-05 1.521 0.327 148 12
4.00E-05 1.518 0.349 149 12
4.20E-05 1.521 0.371 150 12
4.40E-05 1.528 0.395 151 12
4.60E-05 1.538 0.419 152 12
4.80E-05 1.551 0.442 153 12
5.00E-05 1.580 0.466 154 12
6.00E-05 1.685 0.532 155 12
7.00E-05 1.792 0.522 156 12
8.00E-05 1.851 0.496 157 12
9.00E-05 1.885 0.486 158 12
