Refractive index for fine mode nitrate from GLOMAP mixed with water from Hale&Querry 1973
Wavelength(m)  Real Part  Imaginary Part  wl_index RH_index
2.00E-07 1.611 0.000  1  1
2.25E-07 1.611 0.000  2  1
2.50E-07 1.611 0.000  3  1
2.75E-07 1.611 0.000  4  1
3.00E-07 1.611 0.000  5  1
3.25E-07 1.611 0.000  6  1
3.50E-07 1.611 0.000  7  1
3.75E-07 1.611 0.000  8  1
4.00E-07 1.611 0.000  9  1
4.25E-07 1.611 0.000 10  1
4.50E-07 1.611 0.000 11  1
4.75E-07 1.611 0.000 12  1
5.00E-07 1.611 0.000 13  1
5.25E-07 1.611 0.000 14  1
5.50E-07 1.611 0.000 15  1
5.75E-07 1.611 0.000 16  1
6.00E-07 1.611 0.000 17  1
6.25E-07 1.611 0.000 18  1
6.50E-07 1.611 0.000 19  1
6.75E-07 1.611 0.000 20  1
7.00E-07 1.611 0.000 21  1
7.25E-07 1.611 0.000 22  1
7.50E-07 1.611 0.000 23  1
7.75E-07 1.611 0.000 24  1
8.00E-07 1.611 0.000 25  1
8.25E-07 1.611 0.000 26  1
8.50E-07 1.611 0.000 27  1
8.75E-07 1.611 0.000 28  1
9.00E-07 1.611 0.000 29  1
9.25E-07 1.611 0.000 30  1
9.50E-07 1.611 0.000 31  1
9.75E-07 1.611 0.000 32  1
1.00E-06 1.611 0.000 33  1
1.20E-06 1.611 0.000 34  1
1.40E-06 1.611 0.000 35  1
1.60E-06 1.611 0.000 36  1
1.80E-06 1.611 0.000 37  1
2.00E-06 1.611 0.000 38  1
2.20E-06 1.611 0.000 39  1
2.40E-06 1.611 0.000 40  1
2.60E-06 1.611 0.000 41  1
2.65E-06 1.611 0.000 42  1
2.70E-06 1.611 0.000 43  1
2.75E-06 1.611 0.000 44  1
2.80E-06 1.611 0.000 45  1
2.85E-06 1.611 0.000 46  1
2.90E-06 1.611 0.000 47  1
2.95E-06 1.611 0.000 48  1
3.00E-06 1.611 0.000 49  1
3.05E-06 1.611 0.000 50  1
3.10E-06 1.611 0.000 51  1
3.15E-06 1.611 0.000 52  1
3.20E-06 1.611 0.000 53  1
3.25E-06 1.611 0.000 54  1
3.30E-06 1.611 0.000 55  1
3.35E-06 1.611 0.000 56  1
3.40E-06 1.611 0.000 57  1
3.45E-06 1.611 0.000 58  1
3.50E-06 1.611 0.000 59  1
3.60E-06 1.611 0.000 60  1
3.70E-06 1.611 0.000 61  1
3.80E-06 1.611 0.000 62  1
3.90E-06 1.611 0.000 63  1
4.00E-06 1.611 0.000 64  1
4.10E-06 1.611 0.000 65  1
4.20E-06 1.611 0.000 66  1
4.30E-06 1.611 0.000 67  1
4.40E-06 1.611 0.000 68  1
4.50E-06 1.611 0.000 69  1
4.60E-06 1.611 0.000 70  1
4.70E-06 1.611 0.000 71  1
4.80E-06 1.611 0.000 72  1
4.90E-06 1.611 0.000 73  1
5.00E-06 1.611 0.000 74  1
5.10E-06 1.611 0.000 75  1
5.20E-06 1.611 0.000 76  1
5.30E-06 1.611 0.000 77  1
5.40E-06 1.611 0.000 78  1
5.50E-06 1.611 0.000 79  1
5.60E-06 1.611 0.000 80  1
5.70E-06 1.611 0.000 81  1
5.80E-06 1.611 0.000 82  1
5.90E-06 1.611 0.000 83  1
6.00E-06 1.611 0.000 84  1
6.10E-06 1.611 0.000 85  1
6.20E-06 1.611 0.000 86  1
6.30E-06 1.611 0.000 87  1
6.40E-06 1.611 0.000 88  1
6.50E-06 1.611 0.000 89  1
6.60E-06 1.611 0.000 90  1
6.70E-06 1.611 0.000 91  1
6.80E-06 1.611 0.000 92  1
6.90E-06 1.611 0.000 93  1
7.00E-06 1.611 0.000 94  1
7.10E-06 1.611 0.000 95  1
7.20E-06 1.611 0.000 96  1
7.30E-06 1.611 0.000 97  1
7.40E-06 1.611 0.000 98  1
7.50E-06 1.611 0.000 99  1
7.60E-06 1.611 0.000 100  1
7.70E-06 1.611 0.000 101  1
7.80E-06 1.611 0.000 102  1
7.90E-06 1.611 0.000 103  1
8.00E-06 1.611 0.000 104  1
8.20E-06 1.611 0.000 105  1
8.40E-06 1.611 0.000 106  1
8.60E-06 1.611 0.000 107  1
8.80E-06 1.611 0.000 108  1
9.00E-06 1.611 0.000 109  1
9.20E-06 1.611 0.000 110  1
9.40E-06 1.611 0.000 111  1
9.60E-06 1.611 0.000 112  1
9.80E-06 1.611 0.000 113  1
1.00E-05 1.611 0.000 114  1
1.05E-05 1.611 0.000 115  1
1.10E-05 1.611 0.000 116  1
1.15E-05 1.611 0.000 117  1
1.20E-05 1.611 0.000 118  1
1.25E-05 1.611 0.000 119  1
1.30E-05 1.611 0.000 120  1
1.35E-05 1.611 0.000 121  1
1.40E-05 1.611 0.000 122  1
1.45E-05 1.611 0.000 123  1
1.50E-05 1.611 0.000 124  1
1.55E-05 1.611 0.000 125  1
1.60E-05 1.611 0.000 126  1
1.65E-05 1.611 0.000 127  1
1.70E-05 1.611 0.000 128  1
1.75E-05 1.611 0.000 129  1
1.80E-05 1.611 0.000 130  1
1.85E-05 1.611 0.000 131  1
1.90E-05 1.611 0.000 132  1
1.95E-05 1.611 0.000 133  1
2.00E-05 1.611 0.000 134  1
2.10E-05 1.611 0.000 135  1
2.20E-05 1.611 0.000 136  1
2.30E-05 1.611 0.000 137  1
2.40E-05 1.611 0.000 138  1
2.50E-05 1.611 0.000 139  1
2.60E-05 1.611 0.000 140  1
2.70E-05 1.611 0.000 141  1
2.80E-05 1.611 0.000 142  1
2.90E-05 1.611 0.000 143  1
3.00E-05 1.611 0.000 144  1
3.20E-05 1.611 0.000 145  1
3.40E-05 1.611 0.000 146  1
3.60E-05 1.611 0.000 147  1
3.80E-05 1.611 0.000 148  1
4.00E-05 1.611 0.000 149  1
4.20E-05 1.611 0.000 150  1
4.40E-05 1.611 0.000 151  1
4.60E-05 1.611 0.000 152  1
4.80E-05 1.611 0.000 153  1
5.00E-05 1.611 0.000 154  1
6.00E-05 1.611 0.000 155  1
7.00E-05 1.611 0.000 156  1
8.00E-05 1.611 0.000 157  1
9.00E-05 1.611 0.000 158  1
2.00E-07 1.611 0.000  1  2
2.25E-07 1.611 0.000  2  2
2.50E-07 1.611 0.000  3  2
2.75E-07 1.611 0.000  4  2
3.00E-07 1.611 0.000  5  2
3.25E-07 1.611 0.000  6  2
3.50E-07 1.611 0.000  7  2
3.75E-07 1.611 0.000  8  2
4.00E-07 1.611 0.000  9  2
4.25E-07 1.611 0.000 10  2
4.50E-07 1.611 0.000 11  2
4.75E-07 1.611 0.000 12  2
5.00E-07 1.611 0.000 13  2
5.25E-07 1.611 0.000 14  2
5.50E-07 1.611 0.000 15  2
5.75E-07 1.611 0.000 16  2
6.00E-07 1.611 0.000 17  2
6.25E-07 1.611 0.000 18  2
6.50E-07 1.611 0.000 19  2
6.75E-07 1.611 0.000 20  2
7.00E-07 1.611 0.000 21  2
7.25E-07 1.611 0.000 22  2
7.50E-07 1.611 0.000 23  2
7.75E-07 1.611 0.000 24  2
8.00E-07 1.611 0.000 25  2
8.25E-07 1.611 0.000 26  2
8.50E-07 1.611 0.000 27  2
8.75E-07 1.611 0.000 28  2
9.00E-07 1.611 0.000 29  2
9.25E-07 1.611 0.000 30  2
9.50E-07 1.611 0.000 31  2
9.75E-07 1.611 0.000 32  2
1.00E-06 1.611 0.000 33  2
1.20E-06 1.611 0.000 34  2
1.40E-06 1.611 0.000 35  2
1.60E-06 1.611 0.000 36  2
1.80E-06 1.611 0.000 37  2
2.00E-06 1.611 0.000 38  2
2.20E-06 1.611 0.000 39  2
2.40E-06 1.611 0.000 40  2
2.60E-06 1.611 0.000 41  2
2.65E-06 1.611 0.000 42  2
2.70E-06 1.611 0.000 43  2
2.75E-06 1.611 0.000 44  2
2.80E-06 1.611 0.000 45  2
2.85E-06 1.611 0.000 46  2
2.90E-06 1.611 0.000 47  2
2.95E-06 1.611 0.000 48  2
3.00E-06 1.611 0.000 49  2
3.05E-06 1.611 0.000 50  2
3.10E-06 1.611 0.000 51  2
3.15E-06 1.611 0.000 52  2
3.20E-06 1.611 0.000 53  2
3.25E-06 1.611 0.000 54  2
3.30E-06 1.611 0.000 55  2
3.35E-06 1.611 0.000 56  2
3.40E-06 1.611 0.000 57  2
3.45E-06 1.611 0.000 58  2
3.50E-06 1.611 0.000 59  2
3.60E-06 1.611 0.000 60  2
3.70E-06 1.611 0.000 61  2
3.80E-06 1.611 0.000 62  2
3.90E-06 1.611 0.000 63  2
4.00E-06 1.611 0.000 64  2
4.10E-06 1.611 0.000 65  2
4.20E-06 1.611 0.000 66  2
4.30E-06 1.611 0.000 67  2
4.40E-06 1.611 0.000 68  2
4.50E-06 1.611 0.000 69  2
4.60E-06 1.611 0.000 70  2
4.70E-06 1.611 0.000 71  2
4.80E-06 1.611 0.000 72  2
4.90E-06 1.611 0.000 73  2
5.00E-06 1.611 0.000 74  2
5.10E-06 1.611 0.000 75  2
5.20E-06 1.611 0.000 76  2
5.30E-06 1.611 0.000 77  2
5.40E-06 1.611 0.000 78  2
5.50E-06 1.611 0.000 79  2
5.60E-06 1.611 0.000 80  2
5.70E-06 1.611 0.000 81  2
5.80E-06 1.611 0.000 82  2
5.90E-06 1.611 0.000 83  2
6.00E-06 1.611 0.000 84  2
6.10E-06 1.611 0.000 85  2
6.20E-06 1.611 0.000 86  2
6.30E-06 1.611 0.000 87  2
6.40E-06 1.611 0.000 88  2
6.50E-06 1.611 0.000 89  2
6.60E-06 1.611 0.000 90  2
6.70E-06 1.611 0.000 91  2
6.80E-06 1.611 0.000 92  2
6.90E-06 1.611 0.000 93  2
7.00E-06 1.611 0.000 94  2
7.10E-06 1.611 0.000 95  2
7.20E-06 1.611 0.000 96  2
7.30E-06 1.611 0.000 97  2
7.40E-06 1.611 0.000 98  2
7.50E-06 1.611 0.000 99  2
7.60E-06 1.611 0.000 100  2
7.70E-06 1.611 0.000 101  2
7.80E-06 1.611 0.000 102  2
7.90E-06 1.611 0.000 103  2
8.00E-06 1.611 0.000 104  2
8.20E-06 1.611 0.000 105  2
8.40E-06 1.611 0.000 106  2
8.60E-06 1.611 0.000 107  2
8.80E-06 1.611 0.000 108  2
9.00E-06 1.611 0.000 109  2
9.20E-06 1.611 0.000 110  2
9.40E-06 1.611 0.000 111  2
9.60E-06 1.611 0.000 112  2
9.80E-06 1.611 0.000 113  2
1.00E-05 1.611 0.000 114  2
1.05E-05 1.611 0.000 115  2
1.10E-05 1.611 0.000 116  2
1.15E-05 1.611 0.000 117  2
1.20E-05 1.611 0.000 118  2
1.25E-05 1.611 0.000 119  2
1.30E-05 1.611 0.000 120  2
1.35E-05 1.611 0.000 121  2
1.40E-05 1.611 0.000 122  2
1.45E-05 1.611 0.000 123  2
1.50E-05 1.611 0.000 124  2
1.55E-05 1.611 0.000 125  2
1.60E-05 1.611 0.000 126  2
1.65E-05 1.611 0.000 127  2
1.70E-05 1.611 0.000 128  2
1.75E-05 1.611 0.000 129  2
1.80E-05 1.611 0.000 130  2
1.85E-05 1.611 0.000 131  2
1.90E-05 1.611 0.000 132  2
1.95E-05 1.611 0.000 133  2
2.00E-05 1.611 0.000 134  2
2.10E-05 1.611 0.000 135  2
2.20E-05 1.611 0.000 136  2
2.30E-05 1.611 0.000 137  2
2.40E-05 1.611 0.000 138  2
2.50E-05 1.611 0.000 139  2
2.60E-05 1.611 0.000 140  2
2.70E-05 1.611 0.000 141  2
2.80E-05 1.611 0.000 142  2
2.90E-05 1.611 0.000 143  2
3.00E-05 1.611 0.000 144  2
3.20E-05 1.611 0.000 145  2
3.40E-05 1.611 0.000 146  2
3.60E-05 1.611 0.000 147  2
3.80E-05 1.611 0.000 148  2
4.00E-05 1.611 0.000 149  2
4.20E-05 1.611 0.000 150  2
4.40E-05 1.611 0.000 151  2
4.60E-05 1.611 0.000 152  2
4.80E-05 1.611 0.000 153  2
5.00E-05 1.611 0.000 154  2
6.00E-05 1.611 0.000 155  2
7.00E-05 1.611 0.000 156  2
8.00E-05 1.611 0.000 157  2
9.00E-05 1.611 0.000 158  2
2.00E-07 1.611 0.000  1  3
2.25E-07 1.611 0.000  2  3
2.50E-07 1.611 0.000  3  3
2.75E-07 1.611 0.000  4  3
3.00E-07 1.611 0.000  5  3
3.25E-07 1.611 0.000  6  3
3.50E-07 1.611 0.000  7  3
3.75E-07 1.611 0.000  8  3
4.00E-07 1.611 0.000  9  3
4.25E-07 1.611 0.000 10  3
4.50E-07 1.611 0.000 11  3
4.75E-07 1.611 0.000 12  3
5.00E-07 1.611 0.000 13  3
5.25E-07 1.611 0.000 14  3
5.50E-07 1.611 0.000 15  3
5.75E-07 1.611 0.000 16  3
6.00E-07 1.611 0.000 17  3
6.25E-07 1.611 0.000 18  3
6.50E-07 1.611 0.000 19  3
6.75E-07 1.611 0.000 20  3
7.00E-07 1.611 0.000 21  3
7.25E-07 1.611 0.000 22  3
7.50E-07 1.611 0.000 23  3
7.75E-07 1.611 0.000 24  3
8.00E-07 1.611 0.000 25  3
8.25E-07 1.611 0.000 26  3
8.50E-07 1.611 0.000 27  3
8.75E-07 1.611 0.000 28  3
9.00E-07 1.611 0.000 29  3
9.25E-07 1.611 0.000 30  3
9.50E-07 1.611 0.000 31  3
9.75E-07 1.611 0.000 32  3
1.00E-06 1.611 0.000 33  3
1.20E-06 1.611 0.000 34  3
1.40E-06 1.611 0.000 35  3
1.60E-06 1.611 0.000 36  3
1.80E-06 1.611 0.000 37  3
2.00E-06 1.611 0.000 38  3
2.20E-06 1.611 0.000 39  3
2.40E-06 1.611 0.000 40  3
2.60E-06 1.611 0.000 41  3
2.65E-06 1.611 0.000 42  3
2.70E-06 1.611 0.000 43  3
2.75E-06 1.611 0.000 44  3
2.80E-06 1.611 0.000 45  3
2.85E-06 1.611 0.000 46  3
2.90E-06 1.611 0.000 47  3
2.95E-06 1.611 0.000 48  3
3.00E-06 1.611 0.000 49  3
3.05E-06 1.611 0.000 50  3
3.10E-06 1.611 0.000 51  3
3.15E-06 1.611 0.000 52  3
3.20E-06 1.611 0.000 53  3
3.25E-06 1.611 0.000 54  3
3.30E-06 1.611 0.000 55  3
3.35E-06 1.611 0.000 56  3
3.40E-06 1.611 0.000 57  3
3.45E-06 1.611 0.000 58  3
3.50E-06 1.611 0.000 59  3
3.60E-06 1.611 0.000 60  3
3.70E-06 1.611 0.000 61  3
3.80E-06 1.611 0.000 62  3
3.90E-06 1.611 0.000 63  3
4.00E-06 1.611 0.000 64  3
4.10E-06 1.611 0.000 65  3
4.20E-06 1.611 0.000 66  3
4.30E-06 1.611 0.000 67  3
4.40E-06 1.611 0.000 68  3
4.50E-06 1.611 0.000 69  3
4.60E-06 1.611 0.000 70  3
4.70E-06 1.611 0.000 71  3
4.80E-06 1.611 0.000 72  3
4.90E-06 1.611 0.000 73  3
5.00E-06 1.611 0.000 74  3
5.10E-06 1.611 0.000 75  3
5.20E-06 1.611 0.000 76  3
5.30E-06 1.611 0.000 77  3
5.40E-06 1.611 0.000 78  3
5.50E-06 1.611 0.000 79  3
5.60E-06 1.611 0.000 80  3
5.70E-06 1.611 0.000 81  3
5.80E-06 1.611 0.000 82  3
5.90E-06 1.611 0.000 83  3
6.00E-06 1.611 0.000 84  3
6.10E-06 1.611 0.000 85  3
6.20E-06 1.611 0.000 86  3
6.30E-06 1.611 0.000 87  3
6.40E-06 1.611 0.000 88  3
6.50E-06 1.611 0.000 89  3
6.60E-06 1.611 0.000 90  3
6.70E-06 1.611 0.000 91  3
6.80E-06 1.611 0.000 92  3
6.90E-06 1.611 0.000 93  3
7.00E-06 1.611 0.000 94  3
7.10E-06 1.611 0.000 95  3
7.20E-06 1.611 0.000 96  3
7.30E-06 1.611 0.000 97  3
7.40E-06 1.611 0.000 98  3
7.50E-06 1.611 0.000 99  3
7.60E-06 1.611 0.000 100  3
7.70E-06 1.611 0.000 101  3
7.80E-06 1.611 0.000 102  3
7.90E-06 1.611 0.000 103  3
8.00E-06 1.611 0.000 104  3
8.20E-06 1.611 0.000 105  3
8.40E-06 1.611 0.000 106  3
8.60E-06 1.611 0.000 107  3
8.80E-06 1.611 0.000 108  3
9.00E-06 1.611 0.000 109  3
9.20E-06 1.611 0.000 110  3
9.40E-06 1.611 0.000 111  3
9.60E-06 1.611 0.000 112  3
9.80E-06 1.611 0.000 113  3
1.00E-05 1.611 0.000 114  3
1.05E-05 1.611 0.000 115  3
1.10E-05 1.611 0.000 116  3
1.15E-05 1.611 0.000 117  3
1.20E-05 1.611 0.000 118  3
1.25E-05 1.611 0.000 119  3
1.30E-05 1.611 0.000 120  3
1.35E-05 1.611 0.000 121  3
1.40E-05 1.611 0.000 122  3
1.45E-05 1.611 0.000 123  3
1.50E-05 1.611 0.000 124  3
1.55E-05 1.611 0.000 125  3
1.60E-05 1.611 0.000 126  3
1.65E-05 1.611 0.000 127  3
1.70E-05 1.611 0.000 128  3
1.75E-05 1.611 0.000 129  3
1.80E-05 1.611 0.000 130  3
1.85E-05 1.611 0.000 131  3
1.90E-05 1.611 0.000 132  3
1.95E-05 1.611 0.000 133  3
2.00E-05 1.611 0.000 134  3
2.10E-05 1.611 0.000 135  3
2.20E-05 1.611 0.000 136  3
2.30E-05 1.611 0.000 137  3
2.40E-05 1.611 0.000 138  3
2.50E-05 1.611 0.000 139  3
2.60E-05 1.611 0.000 140  3
2.70E-05 1.611 0.000 141  3
2.80E-05 1.611 0.000 142  3
2.90E-05 1.611 0.000 143  3
3.00E-05 1.611 0.000 144  3
3.20E-05 1.611 0.000 145  3
3.40E-05 1.611 0.000 146  3
3.60E-05 1.611 0.000 147  3
3.80E-05 1.611 0.000 148  3
4.00E-05 1.611 0.000 149  3
4.20E-05 1.611 0.000 150  3
4.40E-05 1.611 0.000 151  3
4.60E-05 1.611 0.000 152  3
4.80E-05 1.611 0.000 153  3
5.00E-05 1.611 0.000 154  3
6.00E-05 1.611 0.000 155  3
7.00E-05 1.611 0.000 156  3
8.00E-05 1.611 0.000 157  3
9.00E-05 1.611 0.000 158  3
2.00E-07 1.611 0.000  1  4
2.25E-07 1.611 0.000  2  4
2.50E-07 1.611 0.000  3  4
2.75E-07 1.611 0.000  4  4
3.00E-07 1.611 0.000  5  4
3.25E-07 1.611 0.000  6  4
3.50E-07 1.611 0.000  7  4
3.75E-07 1.611 0.000  8  4
4.00E-07 1.611 0.000  9  4
4.25E-07 1.611 0.000 10  4
4.50E-07 1.611 0.000 11  4
4.75E-07 1.611 0.000 12  4
5.00E-07 1.611 0.000 13  4
5.25E-07 1.611 0.000 14  4
5.50E-07 1.611 0.000 15  4
5.75E-07 1.611 0.000 16  4
6.00E-07 1.611 0.000 17  4
6.25E-07 1.611 0.000 18  4
6.50E-07 1.611 0.000 19  4
6.75E-07 1.611 0.000 20  4
7.00E-07 1.611 0.000 21  4
7.25E-07 1.611 0.000 22  4
7.50E-07 1.611 0.000 23  4
7.75E-07 1.611 0.000 24  4
8.00E-07 1.611 0.000 25  4
8.25E-07 1.611 0.000 26  4
8.50E-07 1.611 0.000 27  4
8.75E-07 1.611 0.000 28  4
9.00E-07 1.611 0.000 29  4
9.25E-07 1.611 0.000 30  4
9.50E-07 1.611 0.000 31  4
9.75E-07 1.611 0.000 32  4
1.00E-06 1.611 0.000 33  4
1.20E-06 1.611 0.000 34  4
1.40E-06 1.611 0.000 35  4
1.60E-06 1.611 0.000 36  4
1.80E-06 1.611 0.000 37  4
2.00E-06 1.611 0.000 38  4
2.20E-06 1.611 0.000 39  4
2.40E-06 1.611 0.000 40  4
2.60E-06 1.611 0.000 41  4
2.65E-06 1.611 0.000 42  4
2.70E-06 1.611 0.000 43  4
2.75E-06 1.611 0.000 44  4
2.80E-06 1.611 0.000 45  4
2.85E-06 1.611 0.000 46  4
2.90E-06 1.611 0.000 47  4
2.95E-06 1.611 0.000 48  4
3.00E-06 1.611 0.000 49  4
3.05E-06 1.611 0.000 50  4
3.10E-06 1.611 0.000 51  4
3.15E-06 1.611 0.000 52  4
3.20E-06 1.611 0.000 53  4
3.25E-06 1.611 0.000 54  4
3.30E-06 1.611 0.000 55  4
3.35E-06 1.611 0.000 56  4
3.40E-06 1.611 0.000 57  4
3.45E-06 1.611 0.000 58  4
3.50E-06 1.611 0.000 59  4
3.60E-06 1.611 0.000 60  4
3.70E-06 1.611 0.000 61  4
3.80E-06 1.611 0.000 62  4
3.90E-06 1.611 0.000 63  4
4.00E-06 1.611 0.000 64  4
4.10E-06 1.611 0.000 65  4
4.20E-06 1.611 0.000 66  4
4.30E-06 1.611 0.000 67  4
4.40E-06 1.611 0.000 68  4
4.50E-06 1.611 0.000 69  4
4.60E-06 1.611 0.000 70  4
4.70E-06 1.611 0.000 71  4
4.80E-06 1.611 0.000 72  4
4.90E-06 1.611 0.000 73  4
5.00E-06 1.611 0.000 74  4
5.10E-06 1.611 0.000 75  4
5.20E-06 1.611 0.000 76  4
5.30E-06 1.611 0.000 77  4
5.40E-06 1.611 0.000 78  4
5.50E-06 1.611 0.000 79  4
5.60E-06 1.611 0.000 80  4
5.70E-06 1.611 0.000 81  4
5.80E-06 1.611 0.000 82  4
5.90E-06 1.611 0.000 83  4
6.00E-06 1.611 0.000 84  4
6.10E-06 1.611 0.000 85  4
6.20E-06 1.611 0.000 86  4
6.30E-06 1.611 0.000 87  4
6.40E-06 1.611 0.000 88  4
6.50E-06 1.611 0.000 89  4
6.60E-06 1.611 0.000 90  4
6.70E-06 1.611 0.000 91  4
6.80E-06 1.611 0.000 92  4
6.90E-06 1.611 0.000 93  4
7.00E-06 1.611 0.000 94  4
7.10E-06 1.611 0.000 95  4
7.20E-06 1.611 0.000 96  4
7.30E-06 1.611 0.000 97  4
7.40E-06 1.611 0.000 98  4
7.50E-06 1.611 0.000 99  4
7.60E-06 1.611 0.000 100  4
7.70E-06 1.611 0.000 101  4
7.80E-06 1.611 0.000 102  4
7.90E-06 1.611 0.000 103  4
8.00E-06 1.611 0.000 104  4
8.20E-06 1.611 0.000 105  4
8.40E-06 1.611 0.000 106  4
8.60E-06 1.611 0.000 107  4
8.80E-06 1.611 0.000 108  4
9.00E-06 1.611 0.000 109  4
9.20E-06 1.611 0.000 110  4
9.40E-06 1.611 0.000 111  4
9.60E-06 1.611 0.000 112  4
9.80E-06 1.611 0.000 113  4
1.00E-05 1.611 0.000 114  4
1.05E-05 1.611 0.000 115  4
1.10E-05 1.611 0.000 116  4
1.15E-05 1.611 0.000 117  4
1.20E-05 1.611 0.000 118  4
1.25E-05 1.611 0.000 119  4
1.30E-05 1.611 0.000 120  4
1.35E-05 1.611 0.000 121  4
1.40E-05 1.611 0.000 122  4
1.45E-05 1.611 0.000 123  4
1.50E-05 1.611 0.000 124  4
1.55E-05 1.611 0.000 125  4
1.60E-05 1.611 0.000 126  4
1.65E-05 1.611 0.000 127  4
1.70E-05 1.611 0.000 128  4
1.75E-05 1.611 0.000 129  4
1.80E-05 1.611 0.000 130  4
1.85E-05 1.611 0.000 131  4
1.90E-05 1.611 0.000 132  4
1.95E-05 1.611 0.000 133  4
2.00E-05 1.611 0.000 134  4
2.10E-05 1.611 0.000 135  4
2.20E-05 1.611 0.000 136  4
2.30E-05 1.611 0.000 137  4
2.40E-05 1.611 0.000 138  4
2.50E-05 1.611 0.000 139  4
2.60E-05 1.611 0.000 140  4
2.70E-05 1.611 0.000 141  4
2.80E-05 1.611 0.000 142  4
2.90E-05 1.611 0.000 143  4
3.00E-05 1.611 0.000 144  4
3.20E-05 1.611 0.000 145  4
3.40E-05 1.611 0.000 146  4
3.60E-05 1.611 0.000 147  4
3.80E-05 1.611 0.000 148  4
4.00E-05 1.611 0.000 149  4
4.20E-05 1.611 0.000 150  4
4.40E-05 1.611 0.000 151  4
4.60E-05 1.611 0.000 152  4
4.80E-05 1.611 0.000 153  4
5.00E-05 1.611 0.000 154  4
6.00E-05 1.611 0.000 155  4
7.00E-05 1.611 0.000 156  4
8.00E-05 1.611 0.000 157  4
9.00E-05 1.611 0.000 158  4
2.00E-07 1.558 0.000  1  5
2.25E-07 1.552 0.000  2  5
2.50E-07 1.549 0.000  3  5
2.75E-07 1.547 0.000  4  5
3.00E-07 1.546 0.000  5  5
3.25E-07 1.545 0.000  6  5
3.50E-07 1.544 0.000  7  5
3.75E-07 1.544 0.000  8  5
4.00E-07 1.543 0.000  9  5
4.25E-07 1.543 0.000 10  5
4.50E-07 1.543 0.000 11  5
4.75E-07 1.543 0.000 12  5
5.00E-07 1.542 0.000 13  5
5.25E-07 1.542 0.000 14  5
5.50E-07 1.542 0.000 15  5
5.75E-07 1.542 0.000 16  5
6.00E-07 1.542 0.000 17  5
6.25E-07 1.542 0.000 18  5
6.50E-07 1.541 0.000 19  5
6.75E-07 1.541 0.000 20  5
7.00E-07 1.541 0.000 21  5
7.25E-07 1.541 0.000 22  5
7.50E-07 1.541 0.000 23  5
7.75E-07 1.541 0.000 24  5
8.00E-07 1.541 0.000 25  5
8.25E-07 1.541 0.000 26  5
8.50E-07 1.541 0.000 27  5
8.75E-07 1.541 0.000 28  5
9.00E-07 1.541 0.000 29  5
9.25E-07 1.541 0.000 30  5
9.50E-07 1.540 0.000 31  5
9.75E-07 1.540 0.000 32  5
1.00E-06 1.540 0.000 33  5
1.20E-06 1.540 0.000 34  5
1.40E-06 1.539 0.000 35  5
1.60E-06 1.538 0.000 36  5
1.80E-06 1.537 0.000 37  5
2.00E-06 1.535 0.000 38  5
2.20E-06 1.533 0.000 39  5
2.40E-06 1.528 0.000 40  5
2.60E-06 1.519 0.001 41  5
2.65E-06 1.514 0.002 42  5
2.70E-06 1.506 0.005 43  5
2.75E-06 1.498 0.015 44  5
2.80E-06 1.494 0.029 45  5
2.85E-06 1.496 0.046 46  5
2.90E-06 1.509 0.067 47  5
2.95E-06 1.532 0.074 48  5
3.00E-06 1.551 0.068 49  5
3.05E-06 1.565 0.060 50  5
3.10E-06 1.575 0.048 51  5
3.15E-06 1.579 0.034 52  5
3.20E-06 1.578 0.023 53  5
3.25E-06 1.575 0.015 54  5
3.30E-06 1.571 0.009 55  5
3.35E-06 1.566 0.006 56  5
3.40E-06 1.564 0.005 57  5
3.45E-06 1.561 0.003 58  5
3.50E-06 1.559 0.002 59  5
3.60E-06 1.555 0.001 60  5
3.70E-06 1.552 0.001 61  5
3.80E-06 1.550 0.001 62  5
3.90E-06 1.548 0.001 63  5
4.00E-06 1.546 0.001 64  5
4.10E-06 1.545 0.001 65  5
4.20E-06 1.544 0.002 66  5
4.30E-06 1.543 0.002 67  5
4.40E-06 1.542 0.003 68  5
4.50E-06 1.542 0.003 69  5
4.60E-06 1.541 0.004 70  5
4.70E-06 1.541 0.004 71  5
4.80E-06 1.541 0.004 72  5
4.90E-06 1.541 0.003 73  5
5.00E-06 1.540 0.003 74  5
5.10E-06 1.539 0.003 75  5
5.20E-06 1.538 0.003 76  5
5.30E-06 1.537 0.002 77  5
5.40E-06 1.535 0.003 78  5
5.50E-06 1.533 0.003 79  5
5.60E-06 1.531 0.004 80  5
5.70E-06 1.528 0.005 81  5
5.80E-06 1.524 0.008 82  5
5.90E-06 1.521 0.015 83  5
6.00E-06 1.525 0.027 84  5
6.10E-06 1.538 0.033 85  5
6.20E-06 1.549 0.022 86  5
6.30E-06 1.548 0.014 87  5
6.40E-06 1.545 0.011 88  5
6.50E-06 1.543 0.010 89  5
6.60E-06 1.542 0.009 90  5
6.70E-06 1.541 0.008 91  5
6.80E-06 1.540 0.008 92  5
6.90E-06 1.539 0.008 93  5
7.00E-06 1.538 0.008 94  5
7.10E-06 1.537 0.008 95  5
7.20E-06 1.537 0.008 96  5
7.30E-06 1.536 0.008 97  5
7.40E-06 1.535 0.008 98  5
7.50E-06 1.535 0.008 99  5
7.60E-06 1.534 0.008 100  5
7.70E-06 1.533 0.008 101  5
7.80E-06 1.533 0.008 102  5
7.90E-06 1.532 0.008 103  5
8.00E-06 1.531 0.009 104  5
8.20E-06 1.530 0.009 105  5
8.40E-06 1.529 0.009 106  5
8.60E-06 1.527 0.009 107  5
8.80E-06 1.526 0.010 108  5
9.00E-06 1.524 0.010 109  5
9.20E-06 1.522 0.010 110  5
9.40E-06 1.520 0.011 111  5
9.60E-06 1.518 0.011 112  5
9.80E-06 1.516 0.012 113  5
1.00E-05 1.513 0.013 114  5
1.05E-05 1.505 0.016 115  5
1.10E-05 1.497 0.024 116  5
1.15E-05 1.490 0.035 117  5
1.20E-05 1.487 0.049 118  5
1.25E-05 1.490 0.064 119  5
1.30E-05 1.495 0.076 120  5
1.35E-05 1.503 0.085 121  5
1.40E-05 1.511 0.092 122  5
1.45E-05 1.519 0.096 123  5
1.50E-05 1.526 0.100 124  5
1.55E-05 1.533 0.103 125  5
1.60E-05 1.540 0.105 126  5
1.65E-05 1.546 0.106 127  5
1.70E-05 1.553 0.107 128  5
1.75E-05 1.559 0.107 129  5
1.80E-05 1.564 0.106 130  5
1.85E-05 1.569 0.105 131  5
1.90E-05 1.574 0.103 132  5
1.95E-05 1.577 0.100 133  5
2.00E-05 1.578 0.098 134  5
2.10E-05 1.580 0.095 135  5
2.20E-05 1.583 0.093 136  5
2.30E-05 1.586 0.091 137  5
2.40E-05 1.589 0.090 138  5
2.50E-05 1.591 0.089 139  5
2.60E-05 1.593 0.087 140  5
2.70E-05 1.595 0.086 141  5
2.80E-05 1.596 0.084 142  5
2.90E-05 1.596 0.083 143  5
3.00E-05 1.596 0.082 144  5
3.20E-05 1.595 0.081 145  5
3.40E-05 1.592 0.082 146  5
3.60E-05 1.590 0.085 147  5
3.80E-05 1.589 0.090 148  5
4.00E-05 1.588 0.096 149  5
4.20E-05 1.589 0.102 150  5
4.40E-05 1.591 0.108 151  5
4.60E-05 1.594 0.115 152  5
4.80E-05 1.597 0.121 153  5
5.00E-05 1.605 0.128 154  5
6.00E-05 1.634 0.146 155  5
7.00E-05 1.663 0.143 156  5
8.00E-05 1.679 0.136 157  5
9.00E-05 1.689 0.133 158  5
2.00E-07 1.520 0.000  1  6
2.25E-07 1.511 0.000  2  6
2.50E-07 1.506 0.000  3  6
2.75E-07 1.503 0.000  4  6
3.00E-07 1.501 0.000  5  6
3.25E-07 1.499 0.000  6  6
3.50E-07 1.498 0.000  7  6
3.75E-07 1.497 0.000  8  6
4.00E-07 1.496 0.000  9  6
4.25E-07 1.496 0.000 10  6
4.50E-07 1.496 0.000 11  6
4.75E-07 1.495 0.000 12  6
5.00E-07 1.495 0.000 13  6
5.25E-07 1.494 0.000 14  6
5.50E-07 1.494 0.000 15  6
5.75E-07 1.494 0.000 16  6
6.00E-07 1.493 0.000 17  6
6.25E-07 1.493 0.000 18  6
6.50E-07 1.493 0.000 19  6
6.75E-07 1.493 0.000 20  6
7.00E-07 1.493 0.000 21  6
7.25E-07 1.493 0.000 22  6
7.50E-07 1.493 0.000 23  6
7.75E-07 1.493 0.000 24  6
8.00E-07 1.492 0.000 25  6
8.25E-07 1.492 0.000 26  6
8.50E-07 1.492 0.000 27  6
8.75E-07 1.492 0.000 28  6
9.00E-07 1.492 0.000 29  6
9.25E-07 1.492 0.000 30  6
9.50E-07 1.491 0.000 31  6
9.75E-07 1.491 0.000 32  6
1.00E-06 1.491 0.000 33  6
1.20E-06 1.490 0.000 34  6
1.40E-06 1.489 0.000 35  6
1.60E-06 1.487 0.000 36  6
1.80E-06 1.485 0.000 37  6
2.00E-06 1.483 0.000 38  6
2.20E-06 1.478 0.000 39  6
2.40E-06 1.471 0.000 40  6
2.60E-06 1.456 0.001 41  6
2.65E-06 1.446 0.003 42  6
2.70E-06 1.433 0.008 43  6
2.75E-06 1.420 0.025 44  6
2.80E-06 1.413 0.048 45  6
2.85E-06 1.416 0.078 46  6
2.90E-06 1.438 0.113 47  6
2.95E-06 1.477 0.126 48  6
3.00E-06 1.510 0.115 49  6
3.05E-06 1.533 0.101 50  6
3.10E-06 1.550 0.081 51  6
3.15E-06 1.557 0.057 52  6
3.20E-06 1.555 0.039 53  6
3.25E-06 1.550 0.026 54  6
3.30E-06 1.543 0.016 55  6
3.35E-06 1.536 0.011 56  6
3.40E-06 1.531 0.008 57  6
3.45E-06 1.526 0.006 58  6
3.50E-06 1.522 0.004 59  6
3.60E-06 1.516 0.002 60  6
3.70E-06 1.511 0.002 61  6
3.80E-06 1.507 0.001 62  6
3.90E-06 1.504 0.002 63  6
4.00E-06 1.501 0.002 64  6
4.10E-06 1.499 0.002 65  6
4.20E-06 1.498 0.003 66  6
4.30E-06 1.496 0.004 67  6
4.40E-06 1.494 0.004 68  6
4.50E-06 1.493 0.006 69  6
4.60E-06 1.493 0.006 70  6
4.70E-06 1.493 0.007 71  6
4.80E-06 1.493 0.006 72  6
4.90E-06 1.492 0.006 73  6
5.00E-06 1.491 0.005 74  6
5.10E-06 1.489 0.005 75  6
5.20E-06 1.487 0.004 76  6
5.30E-06 1.485 0.004 77  6
5.40E-06 1.482 0.004 78  6
5.50E-06 1.479 0.005 79  6
5.60E-06 1.475 0.006 80  6
5.70E-06 1.470 0.009 81  6
5.80E-06 1.464 0.014 82  6
5.90E-06 1.458 0.026 83  6
6.00E-06 1.465 0.045 84  6
6.10E-06 1.488 0.055 85  6
6.20E-06 1.507 0.037 86  6
6.30E-06 1.504 0.024 87  6
6.40E-06 1.500 0.019 88  6
6.50E-06 1.496 0.017 89  6
6.60E-06 1.494 0.015 90  6
6.70E-06 1.492 0.014 91  6
6.80E-06 1.490 0.014 92  6
6.90E-06 1.489 0.014 93  6
7.00E-06 1.487 0.013 94  6
7.10E-06 1.486 0.013 95  6
7.20E-06 1.485 0.014 96  6
7.30E-06 1.484 0.014 97  6
7.40E-06 1.483 0.014 98  6
7.50E-06 1.482 0.014 99  6
7.60E-06 1.481 0.014 100  6
7.70E-06 1.480 0.014 101  6
7.80E-06 1.479 0.014 102  6
7.90E-06 1.477 0.014 103  6
8.00E-06 1.476 0.014 104  6
8.20E-06 1.474 0.015 105  6
8.40E-06 1.472 0.015 106  6
8.60E-06 1.469 0.016 107  6
8.80E-06 1.467 0.016 108  6
9.00E-06 1.464 0.017 109  6
9.20E-06 1.461 0.017 110  6
9.40E-06 1.458 0.018 111  6
9.60E-06 1.454 0.019 112  6
9.80E-06 1.450 0.020 113  6
1.00E-05 1.445 0.021 114  6
1.05E-05 1.432 0.028 115  6
1.10E-05 1.418 0.041 116  6
1.15E-05 1.407 0.060 117  6
1.20E-05 1.400 0.084 118  6
1.25E-05 1.405 0.109 119  6
1.30E-05 1.415 0.128 120  6
1.35E-05 1.428 0.145 121  6
1.40E-05 1.442 0.156 122  6
1.45E-05 1.455 0.163 123  6
1.50E-05 1.467 0.169 124  6
1.55E-05 1.479 0.174 125  6
1.60E-05 1.491 0.178 126  6
1.65E-05 1.501 0.180 127  6
1.70E-05 1.512 0.181 128  6
1.75E-05 1.523 0.181 129  6
1.80E-05 1.532 0.179 130  6
1.85E-05 1.540 0.177 131  6
1.90E-05 1.548 0.174 132  6
1.95E-05 1.554 0.170 133  6
2.00E-05 1.556 0.166 134  6
2.10E-05 1.559 0.161 135  6
2.20E-05 1.564 0.157 136  6
2.30E-05 1.569 0.155 137  6
2.40E-05 1.573 0.152 138  6
2.50E-05 1.577 0.150 139  6
2.60E-05 1.581 0.147 140  6
2.70E-05 1.583 0.145 141  6
2.80E-05 1.585 0.142 142  6
2.90E-05 1.586 0.140 143  6
3.00E-05 1.586 0.138 144  6
3.20E-05 1.584 0.137 145  6
3.40E-05 1.579 0.139 146  6
3.60E-05 1.576 0.145 147  6
3.80E-05 1.574 0.152 148  6
4.00E-05 1.572 0.162 149  6
4.20E-05 1.574 0.172 150  6
4.40E-05 1.577 0.184 151  6
4.60E-05 1.582 0.195 152  6
4.80E-05 1.587 0.206 153  6
5.00E-05 1.601 0.217 154  6
6.00E-05 1.650 0.247 155  6
7.00E-05 1.699 0.243 156  6
8.00E-05 1.727 0.230 157  6
9.00E-05 1.743 0.226 158  6
2.00E-07 1.506 0.000  1  7
2.25E-07 1.495 0.000  2  7
2.50E-07 1.489 0.000  3  7
2.75E-07 1.486 0.000  4  7
3.00E-07 1.483 0.000  5  7
3.25E-07 1.482 0.000  6  7
3.50E-07 1.480 0.000  7  7
3.75E-07 1.479 0.000  8  7
4.00E-07 1.478 0.000  9  7
4.25E-07 1.478 0.000 10  7
4.50E-07 1.477 0.000 11  7
4.75E-07 1.477 0.000 12  7
5.00E-07 1.476 0.000 13  7
5.25E-07 1.476 0.000 14  7
5.50E-07 1.475 0.000 15  7
5.75E-07 1.475 0.000 16  7
6.00E-07 1.475 0.000 17  7
6.25E-07 1.475 0.000 18  7
6.50E-07 1.474 0.000 19  7
6.75E-07 1.474 0.000 20  7
7.00E-07 1.474 0.000 21  7
7.25E-07 1.474 0.000 22  7
7.50E-07 1.474 0.000 23  7
7.75E-07 1.474 0.000 24  7
8.00E-07 1.473 0.000 25  7
8.25E-07 1.473 0.000 26  7
8.50E-07 1.473 0.000 27  7
8.75E-07 1.473 0.000 28  7
9.00E-07 1.473 0.000 29  7
9.25E-07 1.473 0.000 30  7
9.50E-07 1.472 0.000 31  7
9.75E-07 1.472 0.000 32  7
1.00E-06 1.472 0.000 33  7
1.20E-06 1.471 0.000 34  7
1.40E-06 1.469 0.000 35  7
1.60E-06 1.468 0.000 36  7
1.80E-06 1.465 0.000 37  7
2.00E-06 1.462 0.001 38  7
2.20E-06 1.457 0.000 39  7
2.40E-06 1.449 0.000 40  7
2.60E-06 1.431 0.002 41  7
2.65E-06 1.420 0.003 42  7
2.70E-06 1.405 0.009 43  7
2.75E-06 1.389 0.029 44  7
2.80E-06 1.382 0.056 45  7
2.85E-06 1.386 0.090 46  7
2.90E-06 1.411 0.131 47  7
2.95E-06 1.455 0.145 48  7
3.00E-06 1.494 0.133 49  7
3.05E-06 1.521 0.117 50  7
3.10E-06 1.541 0.094 51  7
3.15E-06 1.549 0.066 52  7
3.20E-06 1.546 0.045 53  7
3.25E-06 1.541 0.030 54  7
3.30E-06 1.532 0.018 55  7
3.35E-06 1.524 0.013 56  7
3.40E-06 1.518 0.010 57  7
3.45E-06 1.513 0.006 58  7
3.50E-06 1.508 0.005 59  7
3.60E-06 1.501 0.003 60  7
3.70E-06 1.495 0.002 61  7
3.80E-06 1.490 0.002 62  7
3.90E-06 1.487 0.002 63  7
4.00E-06 1.484 0.002 64  7
4.10E-06 1.482 0.003 65  7
4.20E-06 1.480 0.003 66  7
4.30E-06 1.478 0.004 67  7
4.40E-06 1.476 0.005 68  7
4.50E-06 1.475 0.007 69  7
4.60E-06 1.474 0.007 70  7
4.70E-06 1.474 0.008 71  7
4.80E-06 1.474 0.007 72  7
4.90E-06 1.473 0.007 73  7
5.00E-06 1.471 0.006 74  7
5.10E-06 1.470 0.005 75  7
5.20E-06 1.468 0.005 76  7
5.30E-06 1.465 0.005 77  7
5.40E-06 1.462 0.005 78  7
5.50E-06 1.458 0.006 79  7
5.60E-06 1.454 0.007 80  7
5.70E-06 1.448 0.010 81  7
5.80E-06 1.441 0.016 82  7
5.90E-06 1.434 0.030 83  7
6.00E-06 1.442 0.052 84  7
6.10E-06 1.469 0.064 85  7
6.20E-06 1.490 0.043 86  7
6.30E-06 1.487 0.028 87  7
6.40E-06 1.482 0.022 88  7
6.50E-06 1.478 0.019 89  7
6.60E-06 1.476 0.017 90  7
6.70E-06 1.473 0.016 91  7
6.80E-06 1.471 0.016 92  7
6.90E-06 1.469 0.016 93  7
7.00E-06 1.468 0.016 94  7
7.10E-06 1.466 0.016 95  7
7.20E-06 1.465 0.016 96  7
7.30E-06 1.464 0.016 97  7
7.40E-06 1.463 0.016 98  7
7.50E-06 1.461 0.016 99  7
7.60E-06 1.460 0.016 100  7
7.70E-06 1.459 0.016 101  7
7.80E-06 1.458 0.016 102  7
7.90E-06 1.456 0.017 103  7
8.00E-06 1.455 0.017 104  7
8.20E-06 1.452 0.017 105  7
8.40E-06 1.450 0.018 106  7
8.60E-06 1.447 0.018 107  7
8.80E-06 1.444 0.019 108  7
9.00E-06 1.441 0.019 109  7
9.20E-06 1.437 0.020 110  7
9.40E-06 1.433 0.021 111  7
9.60E-06 1.429 0.022 112  7
9.80E-06 1.425 0.023 113  7
1.00E-05 1.419 0.025 114  7
1.05E-05 1.403 0.032 115  7
1.10E-05 1.387 0.047 116  7
1.15E-05 1.374 0.069 117  7
1.20E-05 1.367 0.097 118  7
1.25E-05 1.373 0.126 119  7
1.30E-05 1.384 0.149 120  7
1.35E-05 1.399 0.167 121  7
1.40E-05 1.415 0.181 122  7
1.45E-05 1.430 0.189 123  7
1.50E-05 1.445 0.196 124  7
1.55E-05 1.458 0.202 125  7
1.60E-05 1.471 0.206 126  7
1.65E-05 1.484 0.209 127  7
1.70E-05 1.496 0.209 128  7
1.75E-05 1.509 0.209 129  7
1.80E-05 1.519 0.208 130  7
1.85E-05 1.529 0.205 131  7
1.90E-05 1.538 0.202 132  7
1.95E-05 1.545 0.197 133  7
2.00E-05 1.547 0.192 134  7
2.10E-05 1.550 0.186 135  7
2.20E-05 1.557 0.182 136  7
2.30E-05 1.562 0.179 137  7
2.40E-05 1.567 0.176 138  7
2.50E-05 1.572 0.174 139  7
2.60E-05 1.576 0.171 140  7
2.70E-05 1.579 0.168 141  7
2.80E-05 1.581 0.165 142  7
2.90E-05 1.582 0.163 143  7
3.00E-05 1.582 0.160 144  7
3.20E-05 1.579 0.158 145  7
3.40E-05 1.574 0.161 146  7
3.60E-05 1.570 0.167 147  7
3.80E-05 1.568 0.176 148  7
4.00E-05 1.566 0.188 149  7
4.20E-05 1.568 0.200 150  7
4.40E-05 1.571 0.213 151  7
4.60E-05 1.577 0.225 152  7
4.80E-05 1.584 0.238 153  7
5.00E-05 1.599 0.251 154  7
6.00E-05 1.656 0.286 155  7
7.00E-05 1.713 0.281 156  7
8.00E-05 1.745 0.267 157  7
9.00E-05 1.764 0.262 158  7
2.00E-07 1.494 0.000  1  8
2.25E-07 1.481 0.000  2  8
2.50E-07 1.475 0.000  3  8
2.75E-07 1.471 0.000  4  8
3.00E-07 1.468 0.000  5  8
3.25E-07 1.467 0.000  6  8
3.50E-07 1.465 0.000  7  8
3.75E-07 1.464 0.000  8  8
4.00E-07 1.463 0.000  9  8
4.25E-07 1.462 0.000 10  8
4.50E-07 1.462 0.000 11  8
4.75E-07 1.461 0.000 12  8
5.00E-07 1.461 0.000 13  8
5.25E-07 1.460 0.000 14  8
5.50E-07 1.460 0.000 15  8
5.75E-07 1.460 0.000 16  8
6.00E-07 1.459 0.000 17  8
6.25E-07 1.459 0.000 18  8
6.50E-07 1.458 0.000 19  8
6.75E-07 1.458 0.000 20  8
7.00E-07 1.458 0.000 21  8
7.25E-07 1.458 0.000 22  8
7.50E-07 1.458 0.000 23  8
7.75E-07 1.458 0.000 24  8
8.00E-07 1.457 0.000 25  8
8.25E-07 1.457 0.000 26  8
8.50E-07 1.457 0.000 27  8
8.75E-07 1.457 0.000 28  8
9.00E-07 1.457 0.000 29  8
9.25E-07 1.457 0.000 30  8
9.50E-07 1.456 0.000 31  8
9.75E-07 1.456 0.000 32  8
1.00E-06 1.456 0.000 33  8
1.20E-06 1.455 0.000 34  8
1.40E-06 1.453 0.000 35  8
1.60E-06 1.451 0.000 36  8
1.80E-06 1.448 0.000 37  8
2.00E-06 1.445 0.001 38  8
2.20E-06 1.439 0.000 39  8
2.40E-06 1.430 0.001 40  8
2.60E-06 1.410 0.002 41  8
2.65E-06 1.397 0.004 42  8
2.70E-06 1.381 0.010 43  8
2.75E-06 1.364 0.032 44  8
2.80E-06 1.355 0.063 45  8
2.85E-06 1.359 0.101 46  8
2.90E-06 1.388 0.146 47  8
2.95E-06 1.437 0.162 48  8
3.00E-06 1.480 0.148 49  8
3.05E-06 1.510 0.131 50  8
3.10E-06 1.533 0.105 51  8
3.15E-06 1.541 0.074 52  8
3.20E-06 1.539 0.050 53  8
3.25E-06 1.533 0.033 54  8
3.30E-06 1.523 0.020 55  8
3.35E-06 1.513 0.014 56  8
3.40E-06 1.507 0.011 57  8
3.45E-06 1.501 0.007 58  8
3.50E-06 1.496 0.005 59  8
3.60E-06 1.488 0.003 60  8
3.70E-06 1.482 0.002 61  8
3.80E-06 1.476 0.002 62  8
3.90E-06 1.473 0.002 63  8
4.00E-06 1.469 0.003 64  8
4.10E-06 1.467 0.003 65  8
4.20E-06 1.464 0.004 66  8
4.30E-06 1.462 0.005 67  8
4.40E-06 1.460 0.006 68  8
4.50E-06 1.459 0.007 69  8
4.60E-06 1.458 0.008 70  8
4.70E-06 1.458 0.009 71  8
4.80E-06 1.458 0.008 72  8
4.90E-06 1.457 0.007 73  8
5.00E-06 1.455 0.007 74  8
5.10E-06 1.454 0.006 75  8
5.20E-06 1.451 0.006 76  8
5.30E-06 1.448 0.005 77  8
5.40E-06 1.444 0.006 78  8
5.50E-06 1.440 0.006 79  8
5.60E-06 1.436 0.008 80  8
5.70E-06 1.429 0.011 81  8
5.80E-06 1.421 0.018 82  8
5.90E-06 1.413 0.034 83  8
6.00E-06 1.422 0.058 84  8
6.10E-06 1.452 0.071 85  8
6.20E-06 1.476 0.048 86  8
6.30E-06 1.473 0.031 87  8
6.40E-06 1.467 0.024 88  8
6.50E-06 1.463 0.021 89  8
6.60E-06 1.460 0.019 90  8
6.70E-06 1.457 0.018 91  8
6.80E-06 1.455 0.018 92  8
6.90E-06 1.453 0.018 93  8
7.00E-06 1.451 0.017 94  8
7.10E-06 1.449 0.017 95  8
7.20E-06 1.448 0.017 96  8
7.30E-06 1.446 0.018 97  8
7.40E-06 1.445 0.018 98  8
7.50E-06 1.444 0.018 99  8
7.60E-06 1.443 0.018 100  8
7.70E-06 1.441 0.018 101  8
7.80E-06 1.440 0.018 102  8
7.90E-06 1.438 0.018 103  8
8.00E-06 1.437 0.019 104  8
8.20E-06 1.434 0.019 105  8
8.40E-06 1.431 0.020 106  8
8.60E-06 1.428 0.020 107  8
8.80E-06 1.425 0.021 108  8
9.00E-06 1.421 0.022 109  8
9.20E-06 1.417 0.023 110  8
9.40E-06 1.413 0.024 111  8
9.60E-06 1.408 0.025 112  8
9.80E-06 1.403 0.026 113  8
1.00E-05 1.397 0.028 114  8
1.05E-05 1.379 0.036 115  8
1.10E-05 1.361 0.053 116  8
1.15E-05 1.347 0.077 117  8
1.20E-05 1.339 0.108 118  8
1.25E-05 1.345 0.141 119  8
1.30E-05 1.358 0.166 120  8
1.35E-05 1.375 0.187 121  8
1.40E-05 1.393 0.202 122  8
1.45E-05 1.409 0.211 123  8
1.50E-05 1.425 0.219 124  8
1.55E-05 1.440 0.226 125  8
1.60E-05 1.455 0.230 126  8
1.65E-05 1.469 0.233 127  8
1.70E-05 1.483 0.234 128  8
1.75E-05 1.497 0.234 129  8
1.80E-05 1.509 0.232 130  8
1.85E-05 1.519 0.229 131  8
1.90E-05 1.529 0.226 132  8
1.95E-05 1.537 0.220 133  8
2.00E-05 1.540 0.214 134  8
2.10E-05 1.543 0.208 135  8
2.20E-05 1.551 0.203 136  8
2.30E-05 1.557 0.200 137  8
2.40E-05 1.562 0.197 138  8
2.50E-05 1.567 0.194 139  8
2.60E-05 1.572 0.191 140  8
2.70E-05 1.575 0.187 141  8
2.80E-05 1.577 0.184 142  8
2.90E-05 1.578 0.181 143  8
3.00E-05 1.578 0.179 144  8
3.20E-05 1.576 0.177 145  8
3.40E-05 1.570 0.179 146  8
3.60E-05 1.565 0.187 147  8
3.80E-05 1.563 0.197 148  8
4.00E-05 1.561 0.210 149  8
4.20E-05 1.563 0.223 150  8
4.40E-05 1.567 0.238 151  8
4.60E-05 1.573 0.252 152  8
4.80E-05 1.580 0.266 153  8
5.00E-05 1.598 0.280 154  8
6.00E-05 1.661 0.320 155  8
7.00E-05 1.725 0.314 156  8
8.00E-05 1.761 0.298 157  8
9.00E-05 1.782 0.292 158  8
2.00E-07 1.483 0.000  1  9
2.25E-07 1.470 0.000  2  9
2.50E-07 1.463 0.000  3  9
2.75E-07 1.458 0.000  4  9
3.00E-07 1.455 0.000  5  9
3.25E-07 1.454 0.000  6  9
3.50E-07 1.452 0.000  7  9
3.75E-07 1.451 0.000  8  9
4.00E-07 1.450 0.000  9  9
4.25E-07 1.449 0.000 10  9
4.50E-07 1.448 0.000 11  9
4.75E-07 1.448 0.000 12  9
5.00E-07 1.447 0.000 13  9
5.25E-07 1.447 0.000 14  9
5.50E-07 1.446 0.000 15  9
5.75E-07 1.446 0.000 16  9
6.00E-07 1.445 0.000 17  9
6.25E-07 1.445 0.000 18  9
6.50E-07 1.445 0.000 19  9
6.75E-07 1.445 0.000 20  9
7.00E-07 1.445 0.000 21  9
7.25E-07 1.444 0.000 22  9
7.50E-07 1.444 0.000 23  9
7.75E-07 1.444 0.000 24  9
8.00E-07 1.444 0.000 25  9
8.25E-07 1.444 0.000 26  9
8.50E-07 1.444 0.000 27  9
8.75E-07 1.443 0.000 28  9
9.00E-07 1.443 0.000 29  9
9.25E-07 1.443 0.000 30  9
9.50E-07 1.442 0.000 31  9
9.75E-07 1.442 0.000 32  9
1.00E-06 1.442 0.000 33  9
1.20E-06 1.441 0.000 34  9
1.40E-06 1.439 0.000 35  9
1.60E-06 1.436 0.000 36  9
1.80E-06 1.434 0.000 37  9
2.00E-06 1.430 0.001 38  9
2.20E-06 1.424 0.000 39  9
2.40E-06 1.414 0.001 40  9
2.60E-06 1.392 0.002 41  9
2.65E-06 1.378 0.004 42  9
2.70E-06 1.360 0.011 43  9
2.75E-06 1.342 0.035 44  9
2.80E-06 1.333 0.068 45  9
2.85E-06 1.337 0.110 46  9
2.90E-06 1.368 0.159 47  9
2.95E-06 1.422 0.177 48  9
3.00E-06 1.469 0.161 49  9
3.05E-06 1.501 0.142 50  9
3.10E-06 1.526 0.114 51  9
3.15E-06 1.535 0.080 52  9
3.20E-06 1.532 0.055 53  9
3.25E-06 1.526 0.036 54  9
3.30E-06 1.515 0.022 55  9
3.35E-06 1.505 0.015 56  9
3.40E-06 1.498 0.012 57  9
3.45E-06 1.492 0.008 58  9
3.50E-06 1.486 0.006 59  9
3.60E-06 1.477 0.003 60  9
3.70E-06 1.470 0.002 61  9
3.80E-06 1.464 0.002 62  9
3.90E-06 1.460 0.002 63  9
4.00E-06 1.457 0.003 64  9
4.10E-06 1.454 0.003 65  9
4.20E-06 1.451 0.004 66  9
4.30E-06 1.449 0.005 67  9
4.40E-06 1.447 0.006 68  9
4.50E-06 1.445 0.008 69  9
4.60E-06 1.444 0.009 70  9
4.70E-06 1.444 0.009 71  9
4.80E-06 1.444 0.009 72  9
4.90E-06 1.443 0.008 73  9
5.00E-06 1.441 0.007 74  9
5.10E-06 1.439 0.007 75  9
5.20E-06 1.436 0.006 76  9
5.30E-06 1.434 0.006 77  9
5.40E-06 1.429 0.006 78  9
5.50E-06 1.425 0.007 79  9
5.60E-06 1.420 0.008 80  9
5.70E-06 1.413 0.012 81  9
5.80E-06 1.404 0.020 82  9
5.90E-06 1.396 0.037 83  9
6.00E-06 1.406 0.064 84  9
6.10E-06 1.438 0.078 85  9
6.20E-06 1.464 0.052 86  9
6.30E-06 1.460 0.034 87  9
6.40E-06 1.454 0.027 88  9
6.50E-06 1.450 0.023 89  9
6.60E-06 1.447 0.021 90  9
6.70E-06 1.444 0.020 91  9
6.80E-06 1.441 0.019 92  9
6.90E-06 1.439 0.019 93  9
7.00E-06 1.436 0.019 94  9
7.10E-06 1.435 0.019 95  9
7.20E-06 1.434 0.019 96  9
7.30E-06 1.432 0.019 97  9
7.40E-06 1.431 0.019 98  9
7.50E-06 1.429 0.019 99  9
7.60E-06 1.428 0.019 100  9
7.70E-06 1.426 0.020 101  9
7.80E-06 1.425 0.020 102  9
7.90E-06 1.423 0.020 103  9
8.00E-06 1.421 0.020 104  9
8.20E-06 1.418 0.021 105  9
8.40E-06 1.415 0.021 106  9
8.60E-06 1.412 0.022 107  9
8.80E-06 1.408 0.023 108  9
9.00E-06 1.404 0.024 109  9
9.20E-06 1.400 0.025 110  9
9.40E-06 1.395 0.026 111  9
9.60E-06 1.390 0.027 112  9
9.80E-06 1.384 0.028 113  9
1.00E-05 1.378 0.030 114  9
1.05E-05 1.358 0.039 115  9
1.10E-05 1.339 0.057 116  9
1.15E-05 1.323 0.084 117  9
1.20E-05 1.314 0.118 118  9
1.25E-05 1.321 0.154 119  9
1.30E-05 1.335 0.181 120  9
1.35E-05 1.353 0.204 121  9
1.40E-05 1.373 0.220 122  9
1.45E-05 1.391 0.230 123  9
1.50E-05 1.409 0.239 124  9
1.55E-05 1.425 0.246 125  9
1.60E-05 1.441 0.250 126  9
1.65E-05 1.457 0.254 127  9
1.70E-05 1.472 0.255 128  9
1.75E-05 1.486 0.255 129  9
1.80E-05 1.499 0.253 130  9
1.85E-05 1.511 0.250 131  9
1.90E-05 1.522 0.246 132  9
1.95E-05 1.531 0.240 133  9
2.00E-05 1.533 0.233 134  9
2.10E-05 1.537 0.227 135  9
2.20E-05 1.545 0.221 136  9
2.30E-05 1.552 0.218 137  9
2.40E-05 1.558 0.214 138  9
2.50E-05 1.564 0.211 139  9
2.60E-05 1.568 0.208 140  9
2.70E-05 1.572 0.204 141  9
2.80E-05 1.574 0.201 142  9
2.90E-05 1.575 0.198 143  9
3.00E-05 1.575 0.195 144  9
3.20E-05 1.572 0.192 145  9
3.40E-05 1.566 0.195 146  9
3.60E-05 1.561 0.204 147  9
3.80E-05 1.558 0.214 148  9
4.00E-05 1.556 0.229 149  9
4.20E-05 1.558 0.243 150  9
4.40E-05 1.563 0.259 151  9
4.60E-05 1.569 0.274 152  9
4.80E-05 1.578 0.290 153  9
5.00E-05 1.597 0.305 154  9
6.00E-05 1.666 0.348 155  9
7.00E-05 1.736 0.342 156  9
8.00E-05 1.774 0.325 157  9
9.00E-05 1.797 0.318 158  9
2.00E-07 1.460 0.000  1 10
2.25E-07 1.444 0.000  2 10
2.50E-07 1.436 0.000  3 10
2.75E-07 1.430 0.000  4 10
3.00E-07 1.427 0.000  5 10
3.25E-07 1.425 0.000  6 10
3.50E-07 1.422 0.000  7 10
3.75E-07 1.421 0.000  8 10
4.00E-07 1.420 0.000  9 10
4.25E-07 1.419 0.000 10 10
4.50E-07 1.418 0.000 11 10
4.75E-07 1.417 0.000 12 10
5.00E-07 1.417 0.000 13 10
5.25E-07 1.416 0.000 14 10
5.50E-07 1.415 0.000 15 10
5.75E-07 1.415 0.000 16 10
6.00E-07 1.415 0.000 17 10
6.25E-07 1.415 0.000 18 10
6.50E-07 1.414 0.000 19 10
6.75E-07 1.414 0.000 20 10
7.00E-07 1.414 0.000 21 10
7.25E-07 1.413 0.000 22 10
7.50E-07 1.413 0.000 23 10
7.75E-07 1.413 0.000 24 10
8.00E-07 1.413 0.000 25 10
8.25E-07 1.413 0.000 26 10
8.50E-07 1.413 0.000 27 10
8.75E-07 1.412 0.000 28 10
9.00E-07 1.412 0.000 29 10
9.25E-07 1.412 0.000 30 10
9.50E-07 1.411 0.000 31 10
9.75E-07 1.411 0.000 32 10
1.00E-06 1.411 0.000 33 10
1.20E-06 1.409 0.000 34 10
1.40E-06 1.407 0.000 35 10
1.60E-06 1.404 0.000 36 10
1.80E-06 1.401 0.000 37 10
2.00E-06 1.396 0.001 38 10
2.20E-06 1.389 0.000 39 10
2.40E-06 1.377 0.001 40 10
2.60E-06 1.351 0.002 41 10
2.65E-06 1.335 0.005 42 10
2.70E-06 1.313 0.013 43 10
2.75E-06 1.292 0.042 44 10
2.80E-06 1.281 0.081 45 10
2.85E-06 1.286 0.130 46 10
2.90E-06 1.322 0.189 47 10
2.95E-06 1.387 0.210 48 10
3.00E-06 1.442 0.191 49 10
3.05E-06 1.481 0.169 50 10
3.10E-06 1.510 0.135 51 10
3.15E-06 1.521 0.095 52 10
3.20E-06 1.517 0.065 53 10
3.25E-06 1.510 0.043 54 10
3.30E-06 1.498 0.026 55 10
3.35E-06 1.485 0.018 56 10
3.40E-06 1.477 0.014 57 10
3.45E-06 1.470 0.009 58 10
3.50E-06 1.463 0.007 59 10
3.60E-06 1.452 0.004 60 10
3.70E-06 1.444 0.003 61 10
3.80E-06 1.437 0.002 62 10
3.90E-06 1.432 0.003 63 10
4.00E-06 1.428 0.003 64 10
4.10E-06 1.425 0.004 65 10
4.20E-06 1.422 0.005 66 10
4.30E-06 1.419 0.006 67 10
4.40E-06 1.416 0.007 68 10
4.50E-06 1.415 0.009 69 10
4.60E-06 1.413 0.010 70 10
4.70E-06 1.413 0.011 71 10
4.80E-06 1.413 0.011 72 10
4.90E-06 1.412 0.010 73 10
5.00E-06 1.410 0.009 74 10
5.10E-06 1.408 0.008 75 10
5.20E-06 1.404 0.007 76 10
5.30E-06 1.401 0.007 77 10
5.40E-06 1.396 0.007 78 10
5.50E-06 1.391 0.008 79 10
5.60E-06 1.384 0.010 80 10
5.70E-06 1.376 0.014 81 10
5.80E-06 1.365 0.023 82 10
5.90E-06 1.356 0.044 83 10
6.00E-06 1.368 0.075 84 10
6.10E-06 1.406 0.092 85 10
6.20E-06 1.436 0.062 86 10
6.30E-06 1.432 0.040 87 10
6.40E-06 1.425 0.032 88 10
6.50E-06 1.420 0.028 89 10
6.60E-06 1.416 0.025 90 10
6.70E-06 1.413 0.024 91 10
6.80E-06 1.409 0.023 92 10
6.90E-06 1.407 0.023 93 10
7.00E-06 1.404 0.023 94 10
7.10E-06 1.402 0.023 95 10
7.20E-06 1.401 0.023 96 10
7.30E-06 1.398 0.023 97 10
7.40E-06 1.397 0.023 98 10
7.50E-06 1.395 0.023 99 10
7.60E-06 1.394 0.023 100 10
7.70E-06 1.391 0.023 101 10
7.80E-06 1.390 0.024 102 10
7.90E-06 1.388 0.024 103 10
8.00E-06 1.386 0.024 104 10
8.20E-06 1.382 0.025 105 10
8.40E-06 1.379 0.025 106 10
8.60E-06 1.375 0.026 107 10
8.80E-06 1.370 0.027 108 10
9.00E-06 1.365 0.028 109 10
9.20E-06 1.360 0.029 110 10
9.40E-06 1.355 0.030 111 10
9.60E-06 1.349 0.032 112 10
9.80E-06 1.342 0.034 113 10
1.00E-05 1.334 0.036 114 10
1.05E-05 1.311 0.047 115 10
1.10E-05 1.289 0.068 116 10
1.15E-05 1.270 0.100 117 10
1.20E-05 1.259 0.140 118 10
1.25E-05 1.268 0.182 119 10
1.30E-05 1.284 0.215 120 10
1.35E-05 1.306 0.241 121 10
1.40E-05 1.329 0.260 122 10
1.45E-05 1.351 0.273 123 10
1.50E-05 1.371 0.283 124 10
1.55E-05 1.390 0.291 125 10
1.60E-05 1.410 0.297 126 10
1.65E-05 1.428 0.301 127 10
1.70E-05 1.446 0.302 128 10
1.75E-05 1.463 0.302 129 10
1.80E-05 1.479 0.300 130 10
1.85E-05 1.493 0.296 131 10
1.90E-05 1.505 0.291 132 10
1.95E-05 1.516 0.284 133 10
2.00E-05 1.519 0.277 134 10
2.10E-05 1.524 0.269 135 10
2.20E-05 1.533 0.262 136 10
2.30E-05 1.541 0.258 137 10
2.40E-05 1.548 0.254 138 10
2.50E-05 1.555 0.251 139 10
2.60E-05 1.560 0.246 140 10
2.70E-05 1.565 0.242 141 10
2.80E-05 1.567 0.238 142 10
2.90E-05 1.569 0.234 143 10
3.00E-05 1.569 0.231 144 10
3.20E-05 1.565 0.228 145 10
3.40E-05 1.558 0.232 146 10
3.60E-05 1.552 0.241 147 10
3.80E-05 1.548 0.254 148 10
4.00E-05 1.546 0.271 149 10
4.20E-05 1.548 0.288 150 10
4.40E-05 1.554 0.307 151 10
4.60E-05 1.562 0.325 152 10
4.80E-05 1.572 0.343 153 10
5.00E-05 1.594 0.362 154 10
6.00E-05 1.676 0.413 155 10
7.00E-05 1.759 0.405 156 10
8.00E-05 1.805 0.385 157 10
9.00E-05 1.831 0.377 158 10
2.00E-07 1.440 0.000  1 11
2.25E-07 1.421 0.000  2 11
2.50E-07 1.413 0.000  3 11
2.75E-07 1.406 0.000  4 11
3.00E-07 1.402 0.000  5 11
3.25E-07 1.400 0.000  6 11
3.50E-07 1.398 0.000  7 11
3.75E-07 1.396 0.000  8 11
4.00E-07 1.394 0.000  9 11
4.25E-07 1.394 0.000 10 11
4.50E-07 1.393 0.000 11 11
4.75E-07 1.392 0.000 12 11
5.00E-07 1.391 0.000 13 11
5.25E-07 1.390 0.000 14 11
5.50E-07 1.390 0.000 15 11
5.75E-07 1.390 0.000 16 11
6.00E-07 1.389 0.000 17 11
6.25E-07 1.389 0.000 18 11
6.50E-07 1.388 0.000 19 11
6.75E-07 1.388 0.000 20 11
7.00E-07 1.388 0.000 21 11
7.25E-07 1.387 0.000 22 11
7.50E-07 1.387 0.000 23 11
7.75E-07 1.387 0.000 24 11
8.00E-07 1.386 0.000 25 11
8.25E-07 1.386 0.000 26 11
8.50E-07 1.386 0.000 27 11
8.75E-07 1.386 0.000 28 11
9.00E-07 1.386 0.000 29 11
9.25E-07 1.386 0.000 30 11
9.50E-07 1.385 0.000 31 11
9.75E-07 1.385 0.000 32 11
1.00E-06 1.385 0.000 33 11
1.20E-06 1.382 0.000 34 11
1.40E-06 1.380 0.000 35 11
1.60E-06 1.377 0.000 36 11
1.80E-06 1.373 0.000 37 11
2.00E-06 1.368 0.001 38 11
2.20E-06 1.360 0.000 39 11
2.40E-06 1.347 0.001 40 11
2.60E-06 1.317 0.003 41 11
2.65E-06 1.299 0.005 42 11
2.70E-06 1.274 0.015 43 11
2.75E-06 1.249 0.047 44 11
2.80E-06 1.237 0.092 45 11
2.85E-06 1.243 0.147 46 11
2.90E-06 1.284 0.213 47 11
2.95E-06 1.357 0.237 48 11
3.00E-06 1.420 0.217 49 11
3.05E-06 1.464 0.191 50 11
3.10E-06 1.496 0.153 51 11
3.15E-06 1.509 0.108 52 11
3.20E-06 1.505 0.074 53 11
3.25E-06 1.496 0.049 54 11
3.30E-06 1.483 0.029 55 11
3.35E-06 1.468 0.021 56 11
3.40E-06 1.459 0.016 57 11
3.45E-06 1.451 0.011 58 11
3.50E-06 1.443 0.007 59 11
3.60E-06 1.431 0.004 60 11
3.70E-06 1.422 0.003 61 11
3.80E-06 1.414 0.003 62 11
3.90E-06 1.409 0.003 63 11
4.00E-06 1.404 0.004 64 11
4.10E-06 1.400 0.004 65 11
4.20E-06 1.397 0.005 66 11
4.30E-06 1.394 0.007 67 11
4.40E-06 1.390 0.008 68 11
4.50E-06 1.389 0.011 69 11
4.60E-06 1.387 0.012 70 11
4.70E-06 1.387 0.013 71 11
4.80E-06 1.387 0.012 72 11
4.90E-06 1.386 0.011 73 11
5.00E-06 1.383 0.010 74 11
5.10E-06 1.381 0.009 75 11
5.20E-06 1.377 0.008 76 11
5.30E-06 1.373 0.008 77 11
5.40E-06 1.367 0.008 78 11
5.50E-06 1.362 0.009 79 11
5.60E-06 1.355 0.011 80 11
5.70E-06 1.345 0.016 81 11
5.80E-06 1.333 0.026 82 11
5.90E-06 1.322 0.050 83 11
6.00E-06 1.335 0.085 84 11
6.10E-06 1.378 0.104 85 11
6.20E-06 1.413 0.070 86 11
6.30E-06 1.409 0.045 87 11
6.40E-06 1.401 0.036 88 11
6.50E-06 1.394 0.031 89 11
6.60E-06 1.390 0.028 90 11
6.70E-06 1.386 0.027 91 11
6.80E-06 1.382 0.026 92 11
6.90E-06 1.380 0.026 93 11
7.00E-06 1.377 0.025 94 11
7.10E-06 1.374 0.025 95 11
7.20E-06 1.373 0.026 96 11
7.30E-06 1.370 0.026 97 11
7.40E-06 1.369 0.026 98 11
7.50E-06 1.366 0.026 99 11
7.60E-06 1.365 0.026 100 11
7.70E-06 1.363 0.026 101 11
7.80E-06 1.361 0.027 102 11
7.90E-06 1.359 0.027 103 11
8.00E-06 1.356 0.027 104 11
8.20E-06 1.352 0.028 105 11
8.40E-06 1.348 0.029 106 11
8.60E-06 1.343 0.030 107 11
8.80E-06 1.339 0.031 108 11
9.00E-06 1.333 0.032 109 11
9.20E-06 1.327 0.033 110 11
9.40E-06 1.321 0.034 111 11
9.60E-06 1.315 0.036 112 11
9.80E-06 1.307 0.038 113 11
1.00E-05 1.298 0.040 114 11
1.05E-05 1.272 0.053 115 11
1.10E-05 1.246 0.077 116 11
1.15E-05 1.225 0.113 117 11
1.20E-05 1.213 0.158 118 11
1.25E-05 1.222 0.206 119 11
1.30E-05 1.241 0.243 120 11
1.35E-05 1.265 0.273 121 11
1.40E-05 1.292 0.295 122 11
1.45E-05 1.316 0.309 123 11
1.50E-05 1.339 0.320 124 11
1.55E-05 1.361 0.330 125 11
1.60E-05 1.383 0.336 126 11
1.65E-05 1.404 0.341 127 11
1.70E-05 1.424 0.342 128 11
1.75E-05 1.444 0.342 129 11
1.80E-05 1.461 0.339 130 11
1.85E-05 1.477 0.335 131 11
1.90E-05 1.492 0.330 132 11
1.95E-05 1.503 0.322 133 11
2.00E-05 1.507 0.313 134 11
2.10E-05 1.512 0.304 135 11
2.20E-05 1.523 0.297 136 11
2.30E-05 1.531 0.292 137 11
2.40E-05 1.539 0.288 138 11
2.50E-05 1.547 0.284 139 11
2.60E-05 1.554 0.279 140 11
2.70E-05 1.558 0.274 141 11
2.80E-05 1.562 0.269 142 11
2.90E-05 1.563 0.265 143 11
3.00E-05 1.563 0.261 144 11
3.20E-05 1.559 0.258 145 11
3.40E-05 1.551 0.262 146 11
3.60E-05 1.544 0.273 147 11
3.80E-05 1.540 0.288 148 11
4.00E-05 1.538 0.307 149 11
4.20E-05 1.540 0.326 150 11
4.40E-05 1.546 0.347 151 11
4.60E-05 1.555 0.368 152 11
4.80E-05 1.566 0.389 153 11
5.00E-05 1.592 0.409 154 11
6.00E-05 1.684 0.468 155 11
7.00E-05 1.778 0.459 156 11
8.00E-05 1.830 0.436 157 11
9.00E-05 1.860 0.427 158 11
2.00E-07 1.419 0.000  1 12
2.25E-07 1.399 0.000  2 12
2.50E-07 1.389 0.000  3 12
2.75E-07 1.382 0.000  4 12
3.00E-07 1.377 0.000  5 12
3.25E-07 1.375 0.000  6 12
3.50E-07 1.372 0.000  7 12
3.75E-07 1.370 0.000  8 12
4.00E-07 1.368 0.000  9 12
4.25E-07 1.367 0.000 10 12
4.50E-07 1.367 0.000 11 12
4.75E-07 1.366 0.000 12 12
5.00E-07 1.365 0.000 13 12
5.25E-07 1.364 0.000 14 12
5.50E-07 1.363 0.000 15 12
5.75E-07 1.363 0.000 16 12
6.00E-07 1.362 0.000 17 12
6.25E-07 1.362 0.000 18 12
6.50E-07 1.361 0.000 19 12
6.75E-07 1.361 0.000 20 12
7.00E-07 1.361 0.000 21 12
7.25E-07 1.360 0.000 22 12
7.50E-07 1.360 0.000 23 12
7.75E-07 1.360 0.000 24 12
8.00E-07 1.359 0.000 25 12
8.25E-07 1.359 0.000 26 12
8.50E-07 1.359 0.000 27 12
8.75E-07 1.359 0.000 28 12
9.00E-07 1.359 0.000 29 12
9.25E-07 1.359 0.000 30 12
9.50E-07 1.358 0.000 31 12
9.75E-07 1.358 0.000 32 12
1.00E-06 1.358 0.000 33 12
1.20E-06 1.355 0.000 34 12
1.40E-06 1.352 0.000 35 12
1.60E-06 1.349 0.000 36 12
1.80E-06 1.344 0.000 37 12
2.00E-06 1.339 0.001 38 12
2.20E-06 1.330 0.000 39 12
2.40E-06 1.315 0.001 40 12
2.60E-06 1.282 0.003 41 12
2.65E-06 1.261 0.006 42 12
2.70E-06 1.234 0.017 43 12
2.75E-06 1.206 0.053 44 12
2.80E-06 1.193 0.103 45 12
2.85E-06 1.199 0.165 46 12
2.90E-06 1.245 0.239 47 12
2.95E-06 1.326 0.266 48 12
3.00E-06 1.397 0.243 49 12
3.05E-06 1.446 0.214 50 12
3.10E-06 1.483 0.171 51 12
3.15E-06 1.497 0.120 52 12
3.20E-06 1.492 0.082 53 12
3.25E-06 1.483 0.054 54 12
3.30E-06 1.467 0.033 55 12
3.35E-06 1.451 0.023 56 12
3.40E-06 1.441 0.017 57 12
3.45E-06 1.432 0.012 58 12
3.50E-06 1.423 0.008 59 12
3.60E-06 1.409 0.005 60 12
3.70E-06 1.400 0.003 61 12
3.80E-06 1.391 0.003 62 12
3.90E-06 1.384 0.003 63 12
4.00E-06 1.379 0.004 64 12
4.10E-06 1.375 0.005 65 12
4.20E-06 1.371 0.006 66 12
4.30E-06 1.367 0.008 67 12
4.40E-06 1.364 0.009 68 12
4.50E-06 1.362 0.012 69 12
4.60E-06 1.360 0.013 70 12
4.70E-06 1.360 0.014 71 12
4.80E-06 1.360 0.013 72 12
4.90E-06 1.359 0.012 73 12
5.00E-06 1.356 0.011 74 12
5.10E-06 1.353 0.010 75 12
5.20E-06 1.349 0.009 76 12
5.30E-06 1.344 0.009 77 12
5.40E-06 1.338 0.009 78 12
5.50E-06 1.332 0.010 79 12
5.60E-06 1.324 0.013 80 12
5.70E-06 1.313 0.018 81 12
5.80E-06 1.300 0.029 82 12
5.90E-06 1.287 0.055 83 12
6.00E-06 1.302 0.095 84 12
6.10E-06 1.351 0.117 85 12
6.20E-06 1.390 0.078 86 12
6.30E-06 1.384 0.051 87 12
6.40E-06 1.376 0.040 88 12
6.50E-06 1.368 0.035 89 12
6.60E-06 1.364 0.032 90 12
6.70E-06 1.359 0.030 91 12
6.80E-06 1.355 0.029 92 12
6.90E-06 1.352 0.029 93 12
7.00E-06 1.349 0.029 94 12
7.10E-06 1.346 0.029 95 12
7.20E-06 1.344 0.029 96 12
7.30E-06 1.342 0.029 97 12
7.40E-06 1.340 0.029 98 12
7.50E-06 1.337 0.029 99 12
7.60E-06 1.335 0.029 100 12
7.70E-06 1.333 0.030 101 12
7.80E-06 1.331 0.030 102 12
7.90E-06 1.328 0.030 103 12
8.00E-06 1.326 0.031 104 12
8.20E-06 1.321 0.031 105 12
8.40E-06 1.317 0.032 106 12
8.60E-06 1.311 0.033 107 12
8.80E-06 1.306 0.034 108 12
9.00E-06 1.300 0.036 109 12
9.20E-06 1.293 0.037 110 12
9.40E-06 1.286 0.039 111 12
9.60E-06 1.279 0.040 112 12
9.80E-06 1.270 0.043 113 12
1.00E-05 1.260 0.045 114 12
1.05E-05 1.231 0.059 115 12
1.10E-05 1.202 0.086 116 12
1.15E-05 1.178 0.127 117 12
1.20E-05 1.165 0.178 118 12
1.25E-05 1.176 0.231 119 12
1.30E-05 1.196 0.272 120 12
1.35E-05 1.224 0.306 121 12
1.40E-05 1.253 0.330 122 12
1.45E-05 1.281 0.346 123 12
1.50E-05 1.307 0.359 124 12
1.55E-05 1.331 0.369 125 12
1.60E-05 1.356 0.376 126 12
1.65E-05 1.379 0.382 127 12
1.70E-05 1.401 0.383 128 12
1.75E-05 1.424 0.383 129 12
1.80E-05 1.443 0.380 130 12
1.85E-05 1.461 0.376 131 12
1.90E-05 1.477 0.369 132 12
1.95E-05 1.491 0.360 133 12
2.00E-05 1.494 0.351 134 12
2.10E-05 1.500 0.341 135 12
2.20E-05 1.512 0.333 136 12
2.30E-05 1.522 0.327 137 12
2.40E-05 1.531 0.322 138 12
2.50E-05 1.540 0.318 139 12
2.60E-05 1.547 0.312 140 12
2.70E-05 1.552 0.307 141 12
2.80E-05 1.556 0.302 142 12
2.90E-05 1.557 0.297 143 12
3.00E-05 1.557 0.293 144 12
3.20E-05 1.553 0.289 145 12
3.40E-05 1.544 0.293 146 12
3.60E-05 1.536 0.306 147 12
3.80E-05 1.532 0.322 148 12
4.00E-05 1.529 0.343 149 12
4.20E-05 1.532 0.365 150 12
4.40E-05 1.539 0.389 151 12
4.60E-05 1.549 0.412 152 12
4.80E-05 1.561 0.435 153 12
5.00E-05 1.590 0.458 154 12
6.00E-05 1.693 0.524 155 12
7.00E-05 1.798 0.514 156 12
8.00E-05 1.856 0.488 157 12
9.00E-05 1.890 0.478 158 12
