Refractive index for Brown Carbon Brown et al ACP 2018, Saleh et al 2014, 12 RH values
Wavelength(m)  Real Part  Imaginary Part  wl_index RH_index
0.200E-06 1.7105 0.0294772786667372 1 1
0.400E-06 1.7045 0.0244591212418513 2 1
0.600E-06 1.6985 0.0219296481995005 3 1
0.800E-06 1.6925 0.0202952456597922 4 1
1.000E-06 1.6865 0.0191118687903374 5 1
1.200E-06 1.6805 0.0181963854318748 6 1
1.400E-06 1.6745 0.0174566535040615 7 1
1.600E-06 1.6685 0.0168402205589679 8 1
1.800E-06 1.6625 0.0163145816678297 9 1
2.000E-06 1.6565 0.0158582995800324 10 1
2.200E-06 1.6505 0.0154565453837116 11 1
2.400E-06 1.6445 0.0150986664160388 12 1
2.600E-06 1.6385 0.0147767716294706 13 1
2.800E-06 1.6325 0.0144848650840567 14 1
3.000E-06 1.6265 0.0142182921207056 15 1
3.200E-06 1.6205 0.0139733725439216 16 1
3.400E-06 1.6145 0.0137471501921122 17 1
3.600E-06 1.6085 0.0135372174458498 18 1
3.800E-06 1.6025 0.0133415894234761 19 1
4.000E-06 1.5965 0.0131586119771397 20 1
4.200E-06 1.5905 0.0129868932072291 21 1
4.400E-06 1.5845 0.0128252516724681 22 1
4.600E-06 1.5785 0.0126726766666984 23 1
4.800E-06 1.5725 0.0125282973586326 24 1
5.000E-06 1.5665 0.0123913585371517 25 1
5.200E-06 1.5605 0.0122612013454353 26 1
5.400E-06 1.5545 0.012137247828825 27 1
5.490E-06 1.5518 0.0120833546953075 28 1
5.990E-06 1.5368 0.0118030958451163 29 1
6.490E-06 1.5218 0.0115510613542545 30 1
6.990E-06 1.5068 0.0113225413536594 31 1
7.490E-06 1.4918 0.0111138810095052 32 1
7.990E-06 1.4768 0.0109221916183854 33 1
8.490E-06 1.4618 0.0107451534799538 34 1
8.990E-06 1.4468 0.0105808778246553 35 1
9.490E-06 1.4318 0.0104278078762683 36 1
9.990E-06 1.4168 0.0102846465235916 37 1
10.490E-06 1.4018 0.0101503024989424 38 1
11.990E-06 1.3568 0.00979155880834447 39 1
13.490E-06 1.3118 0.0094856952696089 40 1
14.990E-06 1.2668 0.00922021773661187 41 1
16.490E-06 1.2218 0.00898648599305493 42 1
17.990E-06 1.1768 0.00877829455865847 43 1
19.490E-06 1.1318 0.00859104752568938 44 1
20.990E-06 1.0868 0.00842125327771081 45 1
22.490E-06 1.0418 0.00826620162355337 46 1
23.990E-06 0.9968 0.00812374999946372 47 1
25.490E-06 0.9518 0.00799217753454252 48 1
26.990E-06 0.9068 0.0078700828018438 49 1
28.490E-06 0.8618 0.00775631052980917 50 1
29.990E-06 0.8168 0.0076498980111758 51 1
31.490E-06 0.7718 0.00755003521547657 52 1
41.490E-06 0.4718 0.00700975759151873 53 1
51.490E-06 0.1718 0.00661385522752882 54 1
0.200E-06 1.7105 0.0294772786667372 1 2
0.400E-06 1.7045 0.0244591212418513 2 2
0.600E-06 1.6985 0.0219296481995005 3 2
0.800E-06 1.6925 0.0202952456597922 4 2
1.000E-06 1.6865 0.0191118687903374 5 2
1.200E-06 1.6805 0.0181963854318748 6 2
1.400E-06 1.6745 0.0174566535040615 7 2
1.600E-06 1.6685 0.0168402205589679 8 2
1.800E-06 1.6625 0.0163145816678297 9 2
2.000E-06 1.6565 0.0158582995800324 10 2
2.200E-06 1.6505 0.0154565453837116 11 2
2.400E-06 1.6445 0.0150986664160388 12 2
2.600E-06 1.6385 0.0147767716294706 13 2
2.800E-06 1.6325 0.0144848650840567 14 2
3.000E-06 1.6265 0.0142182921207056 15 2
3.200E-06 1.6205 0.0139733725439216 16 2
3.400E-06 1.6145 0.0137471501921122 17 2
3.600E-06 1.6085 0.0135372174458498 18 2
3.800E-06 1.6025 0.0133415894234761 19 2
4.000E-06 1.5965 0.0131586119771397 20 2
4.200E-06 1.5905 0.0129868932072291 21 2
4.400E-06 1.5845 0.0128252516724681 22 2
4.600E-06 1.5785 0.0126726766666984 23 2
4.800E-06 1.5725 0.0125282973586326 24 2
5.000E-06 1.5665 0.0123913585371517 25 2
5.200E-06 1.5605 0.0122612013454353 26 2
5.400E-06 1.5545 0.012137247828825 27 2
5.490E-06 1.5518 0.0120833546953075 28 2
5.990E-06 1.5368 0.0118030958451163 29 2
6.490E-06 1.5218 0.0115510613542545 30 2
6.990E-06 1.5068 0.0113225413536594 31 2
7.490E-06 1.4918 0.0111138810095052 32 2
7.990E-06 1.4768 0.0109221916183854 33 2
8.490E-06 1.4618 0.0107451534799538 34 2
8.990E-06 1.4468 0.0105808778246553 35 2
9.490E-06 1.4318 0.0104278078762683 36 2
9.990E-06 1.4168 0.0102846465235916 37 2
10.490E-06 1.4018 0.0101503024989424 38 2
11.990E-06 1.3568 0.00979155880834447 39 2
13.490E-06 1.3118 0.0094856952696089 40 2
14.990E-06 1.2668 0.00922021773661187 41 2
16.490E-06 1.2218 0.00898648599305493 42 2
17.990E-06 1.1768 0.00877829455865847 43 2
19.490E-06 1.1318 0.00859104752568938 44 2
20.990E-06 1.0868 0.00842125327771081 45 2
22.490E-06 1.0418 0.00826620162355337 46 2
23.990E-06 0.9968 0.00812374999946372 47 2
25.490E-06 0.9518 0.00799217753454252 48 2
26.990E-06 0.9068 0.0078700828018438 49 2
28.490E-06 0.8618 0.00775631052980917 50 2
29.990E-06 0.8168 0.0076498980111758 51 2
31.490E-06 0.7718 0.00755003521547657 52 2
41.490E-06 0.4718 0.00700975759151873 53 2
51.490E-06 0.1718 0.00661385522752882 54 2
0.200E-06 1.7105 0.0294772786667372 1 3
0.400E-06 1.7045 0.0244591212418513 2 3
0.600E-06 1.6985 0.0219296481995005 3 3
0.800E-06 1.6925 0.0202952456597922 4 3
1.000E-06 1.6865 0.0191118687903374 5 3
1.200E-06 1.6805 0.0181963854318748 6 3
1.400E-06 1.6745 0.0174566535040615 7 3
1.600E-06 1.6685 0.0168402205589679 8 3
1.800E-06 1.6625 0.0163145816678297 9 3
2.000E-06 1.6565 0.0158582995800324 10 3
2.200E-06 1.6505 0.0154565453837116 11 3
2.400E-06 1.6445 0.0150986664160388 12 3
2.600E-06 1.6385 0.0147767716294706 13 3
2.800E-06 1.6325 0.0144848650840567 14 3
3.000E-06 1.6265 0.0142182921207056 15 3
3.200E-06 1.6205 0.0139733725439216 16 3
3.400E-06 1.6145 0.0137471501921122 17 3
3.600E-06 1.6085 0.0135372174458498 18 3
3.800E-06 1.6025 0.0133415894234761 19 3
4.000E-06 1.5965 0.0131586119771397 20 3
4.200E-06 1.5905 0.0129868932072291 21 3
4.400E-06 1.5845 0.0128252516724681 22 3
4.600E-06 1.5785 0.0126726766666984 23 3
4.800E-06 1.5725 0.0125282973586326 24 3
5.000E-06 1.5665 0.0123913585371517 25 3
5.200E-06 1.5605 0.0122612013454353 26 3
5.400E-06 1.5545 0.012137247828825 27 3
5.490E-06 1.5518 0.0120833546953075 28 3
5.990E-06 1.5368 0.0118030958451163 29 3
6.490E-06 1.5218 0.0115510613542545 30 3
6.990E-06 1.5068 0.0113225413536594 31 3
7.490E-06 1.4918 0.0111138810095052 32 3
7.990E-06 1.4768 0.0109221916183854 33 3
8.490E-06 1.4618 0.0107451534799538 34 3
8.990E-06 1.4468 0.0105808778246553 35 3
9.490E-06 1.4318 0.0104278078762683 36 3
9.990E-06 1.4168 0.0102846465235916 37 3
10.490E-06 1.4018 0.0101503024989424 38 3
11.990E-06 1.3568 0.00979155880834447 39 3
13.490E-06 1.3118 0.0094856952696089 40 3
14.990E-06 1.2668 0.00922021773661187 41 3
16.490E-06 1.2218 0.00898648599305493 42 3
17.990E-06 1.1768 0.00877829455865847 43 3
19.490E-06 1.1318 0.00859104752568938 44 3
20.990E-06 1.0868 0.00842125327771081 45 3
22.490E-06 1.0418 0.00826620162355337 46 3
23.990E-06 0.9968 0.00812374999946372 47 3
25.490E-06 0.9518 0.00799217753454252 48 3
26.990E-06 0.9068 0.0078700828018438 49 3
28.490E-06 0.8618 0.00775631052980917 50 3
29.990E-06 0.8168 0.0076498980111758 51 3
31.490E-06 0.7718 0.00755003521547657 52 3
41.490E-06 0.4718 0.00700975759151873 53 3
51.490E-06 0.1718 0.00661385522752882 54 3
0.200E-06 1.7105 0.0294772786667372 1 4
0.400E-06 1.7045 0.0244591212418513 2 4
0.600E-06 1.6985 0.0219296481995005 3 4
0.800E-06 1.6925 0.0202952456597922 4 4
1.000E-06 1.6865 0.0191118687903374 5 4
1.200E-06 1.6805 0.0181963854318748 6 4
1.400E-06 1.6745 0.0174566535040615 7 4
1.600E-06 1.6685 0.0168402205589679 8 4
1.800E-06 1.6625 0.0163145816678297 9 4
2.000E-06 1.6565 0.0158582995800324 10 4
2.200E-06 1.6505 0.0154565453837116 11 4
2.400E-06 1.6445 0.0150986664160388 12 4
2.600E-06 1.6385 0.0147767716294706 13 4
2.800E-06 1.6325 0.0144848650840567 14 4
3.000E-06 1.6265 0.0142182921207056 15 4
3.200E-06 1.6205 0.0139733725439216 16 4
3.400E-06 1.6145 0.0137471501921122 17 4
3.600E-06 1.6085 0.0135372174458498 18 4
3.800E-06 1.6025 0.0133415894234761 19 4
4.000E-06 1.5965 0.0131586119771397 20 4
4.200E-06 1.5905 0.0129868932072291 21 4
4.400E-06 1.5845 0.0128252516724681 22 4
4.600E-06 1.5785 0.0126726766666984 23 4
4.800E-06 1.5725 0.0125282973586326 24 4
5.000E-06 1.5665 0.0123913585371517 25 4
5.200E-06 1.5605 0.0122612013454353 26 4
5.400E-06 1.5545 0.012137247828825 27 4
5.490E-06 1.5518 0.0120833546953075 28 4
5.990E-06 1.5368 0.0118030958451163 29 4
6.490E-06 1.5218 0.0115510613542545 30 4
6.990E-06 1.5068 0.0113225413536594 31 4
7.490E-06 1.4918 0.0111138810095052 32 4
7.990E-06 1.4768 0.0109221916183854 33 4
8.490E-06 1.4618 0.0107451534799538 34 4
8.990E-06 1.4468 0.0105808778246553 35 4
9.490E-06 1.4318 0.0104278078762683 36 4
9.990E-06 1.4168 0.0102846465235916 37 4
10.490E-06 1.4018 0.0101503024989424 38 4
11.990E-06 1.3568 0.00979155880834447 39 4
13.490E-06 1.3118 0.0094856952696089 40 4
14.990E-06 1.2668 0.00922021773661187 41 4
16.490E-06 1.2218 0.00898648599305493 42 4
17.990E-06 1.1768 0.00877829455865847 43 4
19.490E-06 1.1318 0.00859104752568938 44 4
20.990E-06 1.0868 0.00842125327771081 45 4
22.490E-06 1.0418 0.00826620162355337 46 4
23.990E-06 0.9968 0.00812374999946372 47 4
25.490E-06 0.9518 0.00799217753454252 48 4
26.990E-06 0.9068 0.0078700828018438 49 4
28.490E-06 0.8618 0.00775631052980917 50 4
29.990E-06 0.8168 0.0076498980111758 51 4
31.490E-06 0.7718 0.00755003521547657 52 4
41.490E-06 0.4718 0.00700975759151873 53 4
51.490E-06 0.1718 0.00661385522752882 54 4
0.200E-06 1.66767692473815 0.0254635965925815 1 5
0.400E-06 1.65473264226325 0.0211287088090131 2 5
0.600E-06 1.64859647986179 0.0189436561214668 3 5
0.800E-06 1.64300496706619 0.0175318132926614 4 5
1.000E-06 1.63754961667207 0.016509944348634 5 5
1.200E-06 1.63195810387647 0.0157203544806174 6 5
1.400E-06 1.62636659108088 0.0151010911383752 7 5
1.600E-06 1.62063891588381 0.0145599060222161 8 5
1.800E-06 1.61477507828528 0.0141116671355833 9 5
2.000E-06 1.60877507828528 0.0138474124436086 10 5
2.200E-06 1.60223042867941 0.0133979679375546 11 5
2.400E-06 1.59473264226325 0.0131677928224069 12 5
2.600E-06 1.58451160781773 0.0131078601701506 13 5
2.800E-06 1.56571234207969 0.0290971515681302 14 5
3.000E-06 1.59171050642479 0.0492612803115911 15 5
3.200E-06 1.60109685779074 0.0245568167963906 16 5
3.400E-06 1.58801641291437 0.0144705605805958 17 5
3.600E-06 1.57806770327179 0.0123889303063166 18 5
3.800E-06 1.57002526724976 0.0119879187331616 19 5
4.000E-06 1.56307213043948 0.0119940677915039 20 5
4.200E-06 1.55666364323507 0.0121608104586797 21 5
4.400E-06 1.55039131843213 0.0124950235805793 22 5
4.600E-06 1.54466364323507 0.0129435477090581 23 5
4.800E-06 1.53948061764388 0.0128594038299386 24 5
5.000E-06 1.53361678004535 0.0123947137779088 25 5
5.200E-06 1.52734445524241 0.0119669269801839 26 5
5.400E-06 1.5205274808336 0.0118925302484181 27 5
5.490E-06 1.51733729618832 0.0120025620950718 28 5
5.990E-06 1.49955958319836 0.0242070690811932 29 5
6.490E-06 1.49701844293273 0.0154083976713137 30 5
6.990E-06 1.48101084116186 0.0141366721551965 31 5
7.490E-06 1.46626954972465 0.014032674449416 32 5
7.990E-06 1.45154187452759 0.0140972004046089 33 5
8.490E-06 1.43681419933053 0.0142560801036206 34 5
8.990E-06 1.4216916531692 0.0145648701649112 35 5
9.490E-06 1.40614700356333 0.015026310658692 36 5
9.990E-06 1.38981261202894 0.0157754434930064 37 5
10.490E-06 1.37237530504265 0.0177467616878889 38 5
11.990E-06 1.32337213043948 0.0354729370982352 39 5
13.490E-06 1.29336361084116 0.0548433389652167 40 5
14.990E-06 1.26715402224382 0.0627429048583193 41 5
16.490E-06 1.239324101069 0.0658919552904049 42 5
17.990E-06 1.21026871828096 0.0655051448514489 43 5
19.490E-06 1.17862624986503 0.062526193737773 44 5
20.990E-06 1.14127857682756 0.0592614000887255 45 5
22.490E-06 1.10506105172228 0.0571966777873261 46 5
23.990E-06 1.06816271460965 0.0544225407618735 47 5
25.490E-06 1.0311962962963 0.0517422222520614 48 5
26.990E-06 0.993685228377065 0.0490360503633248 49 5
28.490E-06 0.955506964690638 0.046718322453134 50 5
29.990E-06 0.91677043515819 0.044965218020668 51 5
31.490E-06 0.87739394233884 0.0445793954998178 52 5
41.490E-06 0.614688824101069 0.0559179635819188 53 5
51.490E-06 0.366852640103661 0.0727460470597377 54 5
0.200E-06 1.66767692473815 0.0254635965925815 1 6
0.400E-06 1.65473264226325 0.0211287088090131 2 6
0.600E-06 1.64859647986179 0.0189436561214668 3 6
0.800E-06 1.64300496706619 0.0175318132926614 4 6
1.000E-06 1.63754961667207 0.016509944348634 5 6
1.200E-06 1.63195810387647 0.0157203544806174 6 6
1.400E-06 1.62636659108088 0.0151010911383752 7 6
1.600E-06 1.62063891588381 0.0145599060222161 8 6
1.800E-06 1.61477507828528 0.0141116671355833 9 6
2.000E-06 1.60877507828528 0.0138474124436086 10 6
2.200E-06 1.60223042867941 0.0133979679375546 11 6
2.400E-06 1.59473264226325 0.0131677928224069 12 6
2.600E-06 1.58451160781773 0.0131078601701506 13 6
2.800E-06 1.56571234207969 0.0290971515681302 14 6
3.000E-06 1.59171050642479 0.0492612803115911 15 6
3.200E-06 1.60109685779074 0.0245568167963906 16 6
3.400E-06 1.58801641291437 0.0144705605805958 17 6
3.600E-06 1.57806770327179 0.0123889303063166 18 6
3.800E-06 1.57002526724976 0.0119879187331616 19 6
4.000E-06 1.56307213043948 0.0119940677915039 20 6
4.200E-06 1.55666364323507 0.0121608104586797 21 6
4.400E-06 1.55039131843213 0.0124950235805793 22 6
4.600E-06 1.54466364323507 0.0129435477090581 23 6
4.800E-06 1.53948061764388 0.0128594038299386 24 6
5.000E-06 1.53361678004535 0.0123947137779088 25 6
5.200E-06 1.52734445524241 0.0119669269801839 26 6
5.400E-06 1.5205274808336 0.0118925302484181 27 6
5.490E-06 1.51733729618832 0.0120025620950718 28 6
5.990E-06 1.49955958319836 0.0242070690811932 29 6
6.490E-06 1.49701844293273 0.0154083976713137 30 6
6.990E-06 1.48101084116186 0.0141366721551965 31 6
7.490E-06 1.46626954972465 0.014032674449416 32 6
7.990E-06 1.45154187452759 0.0140972004046089 33 6
8.490E-06 1.43681419933053 0.0142560801036206 34 6
8.990E-06 1.4216916531692 0.0145648701649112 35 6
9.490E-06 1.40614700356333 0.015026310658692 36 6
9.990E-06 1.38981261202894 0.0157754434930064 37 6
10.490E-06 1.37237530504265 0.0177467616878889 38 6
11.990E-06 1.32337213043948 0.0354729370982352 39 6
13.490E-06 1.29336361084116 0.0548433389652167 40 6
14.990E-06 1.26715402224382 0.0627429048583193 41 6
16.490E-06 1.239324101069 0.0658919552904049 42 6
17.990E-06 1.21026871828096 0.0655051448514489 43 6
19.490E-06 1.17862624986503 0.062526193737773 44 6
20.990E-06 1.14127857682756 0.0592614000887255 45 6
22.490E-06 1.10506105172228 0.0571966777873261 46 6
23.990E-06 1.06816271460965 0.0544225407618735 47 6
25.490E-06 1.0311962962963 0.0517422222520614 48 6
26.990E-06 0.993685228377065 0.0490360503633248 49 6
28.490E-06 0.955506964690638 0.046718322453134 50 6
29.990E-06 0.91677043515819 0.044965218020668 51 6
31.490E-06 0.87739394233884 0.0445793954998178 52 6
41.490E-06 0.614688824101069 0.0559179635819188 53 6
51.490E-06 0.366852640103661 0.0727460470597377 54 6
0.200E-06 1.63228850488355 0.0221467431079919 1 7
0.400E-06 1.61360555972953 0.0183765002686035 2 7
0.600E-06 1.60735687453043 0.016476071981518 3 7
0.800E-06 1.60210293012772 0.0152481495377852 4 7
1.000E-06 1.59709767092412 0.0143597485952948 5 7
1.200E-06 1.59184372652141 0.0136741954334146 6 7
1.400E-06 1.58658978211871 0.0131544857280703 7 7
1.600E-06 1.5810871525169 0.0126754844169556 8 7
1.800E-06 1.575335837716 0.0122912078646354 9 7
2.000E-06 1.569335837716 0.0121856420586269 10 7
2.200E-06 1.56234109691961 0.0116967869148847 11 7
2.400E-06 1.55360555972953 0.0115721445650179 12 7
2.600E-06 1.53989631855748 0.0117286939364918 13 7
2.800E-06 1.51051990984222 0.0411725507769021 14 7
3.000E-06 1.56296093163035 0.078220339684978 15 7
3.200E-06 1.58506235912847 0.0333028343680854 16 7
3.400E-06 1.56613072877536 0.0150683773043668 17 7
3.600E-06 1.5529188580015 0.0114400010862883 18 7
3.800E-06 1.54318858001503 0.0108692632783442 19 7
4.000E-06 1.53544778362134 0.0110317039647932 20 7
4.200E-06 1.52870172802404 0.0114781466620805 21 7
4.400E-06 1.52220435762585 0.0122221274774366 22 7
4.600E-06 1.51670172802404 0.0131673919359116 23 7
4.800E-06 1.51219383921863 0.0131330258141492 24 7
5.000E-06 1.50644252441773 0.0123974865042462 25 7
5.200E-06 1.49994515401953 0.011723742558554 26 7
5.400E-06 1.49245304282494 0.0116902988946844 27 7
5.490E-06 1.48885777610819 0.011935796164769 28 7
5.990E-06 1.46878459804658 0.0344575475921235 29 7
6.490E-06 1.47653929376409 0.0185960491016187 30 7
6.990E-06 1.45969902329076 0.016462232421983 31 7
7.490E-06 1.44517152516905 0.0164447265285539 32 7
7.990E-06 1.43066889556724 0.0167209854383061 33 7
8.490E-06 1.41616626596544 0.0171574631705138 34 7
8.990E-06 1.40094244928625 0.017857188448276 35 7
9.490E-06 1.38494770848986 0.0188264521985487 36 7
9.990E-06 1.36751059353869 0.0203129650815865 37 7
10.490E-06 1.34805912847483 0.0240243745296337 38 7
11.990E-06 1.29574778362134 0.0566956865577344 39 7
13.490E-06 1.27812802404207 0.0923262924640188 40 7
14.990E-06 1.26744658151766 0.106973341650347 41 7
16.490E-06 1.25380578512397 0.112917878281784 42 7
17.990E-06 1.23792682193839 0.112383459473072 43 7
19.490E-06 1.21732283996995 0.107097481236431 44 7
20.990E-06 1.18629894815928 0.101275021245463 45 7
22.490E-06 1.15733914350113 0.0976321725195744 46 7
23.990E-06 1.12713591284748 0.0926832456795371 47 7
25.490E-06 1.09680833959429 0.0878966773362454 48 7
26.990E-06 1.0654860255447 0.0830550584536768 49 7
28.490E-06 1.03294515401953 0.0789160109164607 50 7
29.990E-06 0.999384673178062 0.0758021021872095 51 7
31.490E-06 0.964655371900827 0.0751799663527248 52 7
41.490E-06 0.732770247933884 0.0963350545390825 53 7
51.490E-06 0.52804154770849 0.127396810839616 54 7
0.200E-06 1.60278885509986 0.0193818268845153 1 8
0.400E-06 1.57932218295389 0.0160822698845591 2 8
0.600E-06 1.57297969918632 0.0144191033957676 3 8
0.800E-06 1.56800715048903 0.0133444962729791 4 8
1.000E-06 1.5633770855593 0.0125673537398454 5 8
1.200E-06 1.558404536862 0.0119685251734198 6 8
1.400E-06 1.55343198816471 0.0115318029943694 7 8
1.600E-06 1.54811695569984 0.0111046378623936 8 8
1.800E-06 1.54245943946741 0.0107736800643246 9 8
2.000E-06 1.53645943946741 0.0108003966992898 10 8
2.200E-06 1.52908950439714 0.0102786890005501 11 8
2.400E-06 1.51932218295389 0.0102420183552487 12 8
2.600E-06 1.50270518615928 0.0105790263035888 13 8
2.800E-06 1.46451171200789 0.0512385568071384 14 8
3.000E-06 1.53899539738637 0.102360499462944 15 8
3.200E-06 1.57169606312156 0.0405934807554346 16 8
3.400E-06 1.54788690720802 0.0155667150108406 17 8
3.600E-06 1.53195487794855 0.0106489773622749 18 8
3.800E-06 1.52081762143503 0.00993675642210973 19 8
4.000E-06 1.51242023506205 0.0102294812046616 20 8
4.200E-06 1.50539278375935 0.0109090807641845 21 8
4.400E-06 1.49870781622421 0.0119946423423806 22 8
4.600E-06 1.49339278375935 0.0133539876167985 23 8
4.800E-06 1.48944768636476 0.0133611160408532 24 8
5.000E-06 1.48379017013233 0.0123997978381863 25 8
5.200E-06 1.47710520259719 0.0115210249661776 26 8
5.400E-06 1.46905029999178 0.0115217196211556 27 8
5.490E-06 1.46511735842854 0.0118801403437544 28 8
5.990E-06 1.44313068957015 0.0430023067938629 29 8
6.490E-06 1.45946795430262 0.0212532629928525 30 8
6.990E-06 1.44193357442262 0.0184008104569142 31 8
7.490E-06 1.427584293581 0.018455403803406 32 8
7.990E-06 1.41326926111613 0.0189081624843497 33 8
8.490E-06 1.39895422865127 0.0195760448623022 34 8
8.990E-06 1.38364599326046 0.0206016522230001 35 8
9.490E-06 1.36727605819019 0.0219942354738347 36 8
9.990E-06 1.34891971726802 0.0240954255107038 37 8
10.490E-06 1.32778925782855 0.0292573682905843 38 8
11.990E-06 1.27272023506205 0.0743868883427924 39 8
13.490E-06 1.26542769787129 0.123571937384472 40 8
14.990E-06 1.26769045779568 0.143843662520991 41 8
16.490E-06 1.265877660886 0.152118505625416 42 8
17.990E-06 1.26098251006822 0.151461041051144 43 8
19.490E-06 1.24958016766664 0.14425193393651 44 8
20.990E-06 1.22382775540396 0.136297413184983 45 8
22.490E-06 1.2009179584121 0.131339044381394 46 8
23.990E-06 1.17629574258239 0.12457722117167 47 8
25.490E-06 1.15150228486891 0.118034891121586 48 8
26.990E-06 1.12533889208515 0.111413171892393 49 8
28.490E-06 1.09749732884031 0.105755879365371 50 8
29.990E-06 1.06825158214843 0.101507609442706 51 8
31.490E-06 1.03739616174899 0.100688483744868 52 8
41.490E-06 0.831202465685871 0.130026585085243 53 8
51.490E-06 0.662407997041177 0.172953475944788 54 8
0.200E-06 1.57800231481481 0.0170586566821396 1 9
0.400E-06 1.5505162037037 0.0141545848356084 2 9
0.600E-06 1.54409490740741 0.0126907732260998 3 9
0.800E-06 1.5393587962963 0.0117449864929353 4 9
1.000E-06 1.53504398148148 0.0110613267999638 5 9
1.200E-06 1.53030787037037 0.0105353669860386 6 9
1.400E-06 1.52557175925926 0.0101683735555912 7 9
1.600E-06 1.52041435185185 0.00978476282347679 8 9
1.800E-06 1.51483564814815 0.00949860513184587 9 9
2.000E-06 1.50883564814815 0.0096364696643706 10 9
2.200E-06 1.50115046296296 0.00908715820816644 11 9
2.400E-06 1.4905162037037 0.00912440417594839 12 9
2.600E-06 1.47145601851852 0.00961303913742513 13 9
2.800E-06 1.42585416666667 0.0596963339606809 14 9
3.000E-06 1.5188587962963 0.122643826458742 15 9
3.200E-06 1.56046527777778 0.0467193128147695 16 9
3.400E-06 1.53255787037037 0.0159854341389538 17 9
3.600E-06 1.51434027777778 0.00998433417005196 18 9
3.800E-06 1.50202083333333 0.00915323462006721 19 9
4.000E-06 1.49307175925926 0.00955542822751139 20 9
4.200E-06 1.48580787037037 0.0104309335689983 21 9
4.400E-06 1.47896527777778 0.0118035021252709 22 9
4.600E-06 1.47380787037037 0.0135107712191541 23 9
4.800E-06 1.47033564814815 0.0135527646751346 24 9
5.000E-06 1.46475694444444 0.012401739894185 25 9
5.200E-06 1.45791435185185 0.0113506952230529 26 9
5.400E-06 1.44938657407407 0.0113800739750145 27 9
5.490E-06 1.44516990740741 0.0118333765597844 28 9
5.990E-06 1.42157546296296 0.0501818841696275 29 9
6.490E-06 1.44512407407407 0.0234859382837121 30 9
6.990E-06 1.42700648148148 0.0200296651352195 31 9
7.490E-06 1.41280694444444 0.0201448385471673 32 9
7.990E-06 1.39864953703704 0.0207458979273064 33 9
8.490E-06 1.38449212962963 0.0216082138194177 34 9
8.990E-06 1.36911296296296 0.0229076376300089 35 9
9.490E-06 1.35242777777778 0.0246559073358034 36 9
9.990E-06 1.33329907407407 0.0272735685900414 37 9
10.490E-06 1.31075787037037 0.0336542954276287 38 9
11.990E-06 1.25337175925926 0.0892515965326067 39 9
13.490E-06 1.25475648148148 0.149825518095838 40 9
14.990E-06 1.26789537037037 0.174823274153132 41 9
16.490E-06 1.27602083333333 0.185056114579314 42 9
17.990E-06 1.28035462962963 0.184295263054779 43 9
19.490E-06 1.2766837962963 0.175470282132922 44 9
20.990E-06 1.25536064814815 0.165724336387564 45 9
22.490E-06 1.23753425925926 0.159660625939556 46 9
23.990E-06 1.21760138888889 0.151375549768208 47 9
25.490E-06 1.19745787037037 0.143357973110268 48 9
26.990E-06 1.17562916666667 0.135240557176993 49 9
28.490E-06 1.15173611111111 0.128307587112158 50 9
29.990E-06 1.12611574074074 0.12310619097869 51 9
31.490E-06 1.09851527777778 0.122121548157104 52 9
41.490E-06 0.913908333333333 0.158335276383981 53 9
51.490E-06 0.775306944444444 0.211231629182598 54 9
0.200E-06 1.557024 0.0150924203573694 1 10
0.400E-06 1.526136 0.0125230709835079 2 10
0.600E-06 1.519648 0.0112279851973443 3 10
0.800E-06 1.515112 0.0103912267778136 4 10
1.000E-06 1.511064 0.00978668714065275 5 10
1.200E-06 1.506528 0.00932240046111989 6 10
1.400E-06 1.501992 0.00901442259407951 7 10
1.600E-06 1.496968 0.00866767452619156 8 10
1.800E-06 1.491456 0.00841943381392879 9 10
2.000E-06 1.485456 0.00865136938497659 10 10
2.200E-06 1.477504 0.00807869523646034 11 10
2.400E-06 1.466136 0.00817850120501187 12 10
2.600E-06 1.445008 0.00879546707428895 13 10
2.800E-06 1.393136 0.066854650923037 14 10
3.000E-06 1.501816 0.139810805565801 15 10
3.200E-06 1.55096 0.0519039667424879 16 10
3.400E-06 1.519584 0.0163398208983614 17 10
3.600E-06 1.499432 0.00942180733227509 18 10
3.800E-06 1.486112 0.00849009378481978 19 10
4.000E-06 1.476696 0.00898493733229552 20 10
4.200E-06 1.469232 0.0100262493221013 21 10
4.400E-06 1.462256 0.0116417288563037 22 10
4.600E-06 1.457232 0.0136434664533496 23 10
4.800E-06 1.45416 0.0137149682476199 24 10
5.000E-06 1.448648 0.0124033835710217 25 10
5.200E-06 1.441672 0.0112065350888629 26 10
5.400E-06 1.432744 0.0112601908883584 27 10
5.490E-06 1.4282872 0.0117937976039974 28 10
5.990E-06 1.403332 0.0562583850726995 29 10
6.490E-06 1.432984 0.0253755834133783 30 10
6.990E-06 1.4143728 0.0214082611730736 31 10
7.490E-06 1.4003 0.0215747070768667 32 10
7.990E-06 1.386276 0.0223012821086133 33 10
8.490E-06 1.372252 0.0233281585817364 34 10
8.990E-06 1.3568128 0.0248593294462235 35 10
9.490E-06 1.3398608 0.0269086376326494 36 10
9.990E-06 1.3200784 0.0299634190200789 37 10
10.490E-06 1.2963432 0.0373756748794585 38 10
11.990E-06 1.236996 0.101832478109872 39 10
13.490E-06 1.2457248 0.17204547597804 40 10
14.990E-06 1.2680688 0.201043151481145 41 10
16.490E-06 1.2846056 0.212933160828444 42 10
17.990E-06 1.2967504 0.212084806814033 43 10
19.490E-06 1.2996232 0.201892216333153 44 10
20.990E-06 1.2820488 0.190630081678188 45 10
22.490E-06 1.2685248 0.183630855231259 46 10
23.990E-06 1.2525608 0.174056559999725 47 10
25.490E-06 1.2363528 0.164790394897686 48 10
26.990E-06 1.2181928 0.155407082394544 49 10
28.490E-06 1.1976416 0.147394430991262 50 10
29.990E-06 1.1750896 0.141386347781722 51 10
31.490E-06 1.150244 0.140261618030324 52 10
41.490E-06 0.9839072 0.182294595886858 53 10
51.490E-06 0.87086 0.243628693876495 54 10
0.200E-06 1.53914974965863 0.0134171189516328 1 11
0.400E-06 1.50536322257624 0.0111329647101827 2 11
0.600E-06 1.49881838871188 0.00998163916558968 3 11
0.800E-06 1.49445289030496 0.00923777664305515 4 11
1.000E-06 1.4906322257624 0.0087006500320152 5 11
1.200E-06 1.48626672735548 0.00828891099766717 6 11
1.400E-06 1.48190122894857 0.00803121643334617 7 11
1.600E-06 1.47699089667729 0.00771587663130081 8 11
1.800E-06 1.47153573054165 0.00749994249787422 9 11
2.000E-06 1.46553573054165 0.00781202984980992 10 11
2.200E-06 1.45735639508421 0.00721944987879454 11 11
2.400E-06 1.44536322257624 0.00737255913338134 12 11
2.600E-06 1.42247337278107 0.0080988673780021 13 11
2.800E-06 1.36525898953118 0.0729537847446776 14 11
3.000E-06 1.48729494765589 0.154437665962998 15 11
3.200E-06 1.54286117432863 0.0563214713445251 16 11
3.400E-06 1.50852981338188 0.0166417706837106 17 11
3.600E-06 1.48672963131543 0.00894251499583513 18 11
3.800E-06 1.47255712335002 0.00792507483999824 19 11
4.000E-06 1.4627432862995 0.00849885934325885 20 11
4.200E-06 1.45510878470642 0.00968144433647205 21 11
4.400E-06 1.4480191169777 0.0115038924317106 22 11
4.600E-06 1.44310878470642 0.0137565273858436 23 11
4.800E-06 1.44037778789258 0.0138531713057044 24 11
5.000E-06 1.43492262175694 0.0124047840405788 25 11
5.200E-06 1.42783295402822 0.0110837056647407 26 11
5.400E-06 1.41856395084206 0.0111580463490328 27 11
5.490E-06 1.41390254893036 0.0117600749637267 28 11
5.990E-06 1.38778793809741 0.0614357741670989 29 11
6.490E-06 1.42264023668639 0.0269856264698473 30 11
6.990E-06 1.40360846609012 0.0225828727144558 31 11
7.490E-06 1.38964365043241 0.0227930045559878 32 11
7.990E-06 1.37573331816113 0.0236265232673579 33 11
8.490E-06 1.36182298588985 0.0247936110514127 34 11
8.990E-06 1.34633263541193 0.0265222384272441 35 11
9.490E-06 1.32915329995448 0.028828041818966 36 11
9.990E-06 1.30881392808375 0.032255264689846 37 11
10.490E-06 1.2840614019117 0.0405464189799465 38 11
11.990E-06 1.2230432862995 0.112551824673803 39 11
13.490E-06 1.23802949476559 0.190977649189626 40 11
14.990E-06 1.26821656804734 0.223383394509154 41 11
16.490E-06 1.2919201183432 0.236685369136575 42 11
17.990E-06 1.31072016385981 0.235762459972079 43 11
19.490E-06 1.31916836595357 0.224404618810054 44 11
20.990E-06 1.30478802913063 0.211850638724493 45 11
22.490E-06 1.29492981338188 0.204054320265614 46 11
23.990E-06 1.28234742831133 0.193381565771263 47 11
25.490E-06 1.2694926263086 0.183051560097652 48 11
26.990E-06 1.25445848884843 0.172589659900703 49 11
28.490E-06 1.23675466545289 0.163657082626222 50 11
29.990E-06 1.21681702321347 0.156961674106134 51 11
31.490E-06 1.19431866181156 0.155717585441728 52 11
41.490E-06 1.0435486572599 0.202708765403513 53 11
51.490E-06 0.952274510696404 0.271232114350264 54 11
0.200E-06 1.51061370262391 0.0107425184062453 1 12
0.400E-06 1.47219970845481 0.00891367510411491 2 12
0.600E-06 1.46556413994169 0.00799186122780632 3 12
0.800E-06 1.46147084548105 0.00739630599846653 4 12
1.000E-06 1.45801311953353 0.00696680355332995 5 12
1.200E-06 1.45391982507289 0.00663895626526049 6 12
1.400E-06 1.44982653061224 0.00646153844900202 7 12
1.600E-06 1.44509766763848 0.00619634160312241 8 12
1.800E-06 1.4397332361516 0.00603198457282422 9 12
2.000E-06 1.4337332361516 0.00647203337464738 10 12
2.200E-06 1.42519096209913 0.00584767397365583 11 12
2.400E-06 1.41219970845481 0.00608588134695292 12 12
2.600E-06 1.38649708454811 0.0069867535092823 13 12
2.800E-06 1.32075364431487 0.0826909858178049 14 12
3.000E-06 1.46411224489796 0.177789290131452 15 12
3.200E-06 1.52993148688047 0.0633739695859773 16 12
3.400E-06 1.49088192419825 0.0171238302449388 17 12
3.600E-06 1.46645043731778 0.00817732997297733 18 12
3.800E-06 1.45091690962099 0.00702302821555253 19 12
4.000E-06 1.44046793002915 0.0077228410995407 20 12
4.200E-06 1.4325612244898 0.0091309669122555 21 12
4.400E-06 1.42529008746356 0.0112838380730569 22 12
4.600E-06 1.4205612244898 0.0139370279397589 23 12
4.800E-06 1.41837463556851 0.0140738109907553 24 12
5.000E-06 1.41301020408163 0.0124070198750553 25 12
5.200E-06 1.40573906705539 0.0108876098197651 26 12
5.400E-06 1.39592565597668 0.0109949736985514 27 12
5.490E-06 1.39093760932945 0.0117062371338584 28 12
5.990E-06 1.36297201166181 0.0697014197686284 29 12
6.490E-06 1.40612653061224 0.0295560427675855 30 12
6.990E-06 1.38642332361516 0.0244581273154735 31 12
7.490E-06 1.37263090379009 0.0247380032833474 32 12
7.990E-06 1.35890204081633 0.0257422564206944 33 12
8.490E-06 1.34517317784257 0.0271331900437149 34 12
8.990E-06 1.32960116618076 0.0291770546008219 35 12
9.490E-06 1.31205889212828 0.0318923498091357 36 12
9.990E-06 1.29083032069971 0.0359141714736121 37 12
10.490E-06 1.26445364431487 0.0456084775870781 38 12
11.990E-06 1.20076793002915 0.129665145338318 39 12
13.490E-06 1.22574402332362 0.221202658625951 40 12
14.990E-06 1.26845247813411 0.259049350487103 41 12
16.490E-06 1.30359766763848 0.27460551238814 42 12
17.990E-06 1.33302274052478 0.273563576734205 43 12
19.490E-06 1.35037201166181 0.260345425483123 44 12
20.990E-06 1.34109096209913 0.245729028162431 45 12
22.490E-06 1.33708513119534 0.236660160941528 46 12
23.990E-06 1.32990145772595 0.224233728133915 47 12
25.490E-06 1.3224 0.212205312512588 48 12
26.990E-06 1.31235626822157 0.200021458747028 49 12
28.490E-06 1.29919825072886 0.189620229784916 50 12
29.990E-06 1.28343440233236 0.181827513852469 51 12
31.490E-06 1.2646833819242 0.180392869976486 52 12
41.490E-06 1.13876559766764 0.235299765886122 53 12
51.490E-06 1.08225189504373 0.315300676103327 54 12
