Refractive index for anthropogenic soa from Moise et al 2015 DOI: 10.1021/cr5005259OP mixed with water from Hale&Querry 1973
Wavelength(m)  Real Part  Imaginary Part  wl_index RH_index
2.00E-07 1.500 0.010  1  1
2.25E-07 1.500 0.010  2  1
2.50E-07 1.500 0.010  3  1
2.75E-07 1.500 0.010  4  1
3.00E-07 1.500 0.010  5  1
3.25E-07 1.500 0.010  6  1
3.50E-07 1.500 0.010  7  1
3.75E-07 1.500 0.010  8  1
4.00E-07 1.500 0.010  9  1
4.25E-07 1.500 0.010 10  1
4.50E-07 1.500 0.010 11  1
4.75E-07 1.500 0.010 12  1
5.00E-07 1.500 0.010 13  1
5.25E-07 1.500 0.010 14  1
5.50E-07 1.500 0.010 15  1
5.75E-07 1.500 0.010 16  1
6.00E-07 1.500 0.010 17  1
6.25E-07 1.500 0.010 18  1
6.50E-07 1.500 0.010 19  1
6.75E-07 1.500 0.010 20  1
7.00E-07 1.500 0.010 21  1
7.25E-07 1.500 0.010 22  1
7.50E-07 1.500 0.010 23  1
7.75E-07 1.500 0.010 24  1
8.00E-07 1.500 0.010 25  1
8.25E-07 1.500 0.010 26  1
8.50E-07 1.500 0.010 27  1
8.75E-07 1.500 0.010 28  1
9.00E-07 1.500 0.010 29  1
9.25E-07 1.500 0.010 30  1
9.50E-07 1.500 0.010 31  1
9.75E-07 1.500 0.010 32  1
1.00E-06 1.500 0.010 33  1
1.20E-06 1.500 0.010 34  1
1.40E-06 1.500 0.010 35  1
1.60E-06 1.500 0.010 36  1
1.80E-06 1.500 0.010 37  1
2.00E-06 1.500 0.010 38  1
2.20E-06 1.500 0.010 39  1
2.40E-06 1.500 0.010 40  1
2.60E-06 1.500 0.010 41  1
2.65E-06 1.500 0.010 42  1
2.70E-06 1.500 0.010 43  1
2.75E-06 1.500 0.010 44  1
2.80E-06 1.500 0.010 45  1
2.85E-06 1.500 0.010 46  1
2.90E-06 1.500 0.010 47  1
2.95E-06 1.500 0.010 48  1
3.00E-06 1.500 0.010 49  1
3.05E-06 1.500 0.010 50  1
3.10E-06 1.500 0.010 51  1
3.15E-06 1.500 0.010 52  1
3.20E-06 1.500 0.010 53  1
3.25E-06 1.500 0.010 54  1
3.30E-06 1.500 0.010 55  1
3.35E-06 1.500 0.010 56  1
3.40E-06 1.500 0.010 57  1
3.45E-06 1.500 0.010 58  1
3.50E-06 1.500 0.010 59  1
3.60E-06 1.500 0.010 60  1
3.70E-06 1.500 0.010 61  1
3.80E-06 1.500 0.010 62  1
3.90E-06 1.500 0.010 63  1
4.00E-06 1.500 0.010 64  1
4.10E-06 1.500 0.010 65  1
4.20E-06 1.500 0.010 66  1
4.30E-06 1.500 0.010 67  1
4.40E-06 1.500 0.010 68  1
4.50E-06 1.500 0.010 69  1
4.60E-06 1.500 0.010 70  1
4.70E-06 1.500 0.010 71  1
4.80E-06 1.500 0.010 72  1
4.90E-06 1.500 0.010 73  1
5.00E-06 1.500 0.010 74  1
5.10E-06 1.500 0.010 75  1
5.20E-06 1.500 0.010 76  1
5.30E-06 1.500 0.010 77  1
5.40E-06 1.500 0.010 78  1
5.50E-06 1.500 0.010 79  1
5.60E-06 1.500 0.010 80  1
5.70E-06 1.500 0.010 81  1
5.80E-06 1.500 0.010 82  1
5.90E-06 1.500 0.010 83  1
6.00E-06 1.500 0.010 84  1
6.10E-06 1.500 0.010 85  1
6.20E-06 1.500 0.010 86  1
6.30E-06 1.500 0.010 87  1
6.40E-06 1.500 0.010 88  1
6.50E-06 1.500 0.010 89  1
6.60E-06 1.500 0.010 90  1
6.70E-06 1.500 0.010 91  1
6.80E-06 1.500 0.010 92  1
6.90E-06 1.500 0.010 93  1
7.00E-06 1.500 0.010 94  1
7.10E-06 1.500 0.010 95  1
7.20E-06 1.500 0.010 96  1
7.30E-06 1.500 0.010 97  1
7.40E-06 1.500 0.010 98  1
7.50E-06 1.500 0.010 99  1
7.60E-06 1.500 0.010 100  1
7.70E-06 1.500 0.010 101  1
7.80E-06 1.500 0.010 102  1
7.90E-06 1.500 0.010 103  1
8.00E-06 1.500 0.010 104  1
8.20E-06 1.500 0.010 105  1
8.40E-06 1.500 0.010 106  1
8.60E-06 1.500 0.010 107  1
8.80E-06 1.500 0.010 108  1
9.00E-06 1.500 0.010 109  1
9.20E-06 1.500 0.010 110  1
9.40E-06 1.500 0.010 111  1
9.60E-06 1.500 0.010 112  1
9.80E-06 1.500 0.010 113  1
1.00E-05 1.500 0.010 114  1
1.05E-05 1.500 0.010 115  1
1.10E-05 1.500 0.010 116  1
1.15E-05 1.500 0.010 117  1
1.20E-05 1.500 0.010 118  1
1.25E-05 1.500 0.010 119  1
1.30E-05 1.500 0.010 120  1
1.35E-05 1.500 0.010 121  1
1.40E-05 1.500 0.010 122  1
1.45E-05 1.500 0.010 123  1
1.50E-05 1.500 0.010 124  1
1.55E-05 1.500 0.010 125  1
1.60E-05 1.500 0.010 126  1
1.65E-05 1.500 0.010 127  1
1.70E-05 1.500 0.010 128  1
1.75E-05 1.500 0.010 129  1
1.80E-05 1.500 0.010 130  1
1.85E-05 1.500 0.010 131  1
1.90E-05 1.500 0.010 132  1
1.95E-05 1.500 0.010 133  1
2.00E-05 1.500 0.010 134  1
2.10E-05 1.500 0.010 135  1
2.20E-05 1.500 0.010 136  1
2.30E-05 1.500 0.010 137  1
2.40E-05 1.500 0.010 138  1
2.50E-05 1.500 0.010 139  1
2.60E-05 1.500 0.010 140  1
2.70E-05 1.500 0.010 141  1
2.80E-05 1.500 0.010 142  1
2.90E-05 1.500 0.010 143  1
3.00E-05 1.500 0.010 144  1
3.20E-05 1.500 0.010 145  1
3.40E-05 1.500 0.010 146  1
3.60E-05 1.500 0.010 147  1
3.80E-05 1.500 0.010 148  1
4.00E-05 1.500 0.010 149  1
4.20E-05 1.500 0.010 150  1
4.40E-05 1.500 0.010 151  1
4.60E-05 1.500 0.010 152  1
4.80E-05 1.500 0.010 153  1
5.00E-05 1.500 0.010 154  1
6.00E-05 1.500 0.010 155  1
7.00E-05 1.500 0.010 156  1
8.00E-05 1.500 0.010 157  1
9.00E-05 1.500 0.010 158  1
2.00E-07 1.500 0.010  1  2
2.25E-07 1.500 0.010  2  2
2.50E-07 1.500 0.010  3  2
2.75E-07 1.500 0.010  4  2
3.00E-07 1.500 0.010  5  2
3.25E-07 1.500 0.010  6  2
3.50E-07 1.500 0.010  7  2
3.75E-07 1.500 0.010  8  2
4.00E-07 1.500 0.010  9  2
4.25E-07 1.500 0.010 10  2
4.50E-07 1.500 0.010 11  2
4.75E-07 1.500 0.010 12  2
5.00E-07 1.500 0.010 13  2
5.25E-07 1.500 0.010 14  2
5.50E-07 1.500 0.010 15  2
5.75E-07 1.500 0.010 16  2
6.00E-07 1.500 0.010 17  2
6.25E-07 1.500 0.010 18  2
6.50E-07 1.500 0.010 19  2
6.75E-07 1.500 0.010 20  2
7.00E-07 1.500 0.010 21  2
7.25E-07 1.500 0.010 22  2
7.50E-07 1.500 0.010 23  2
7.75E-07 1.500 0.010 24  2
8.00E-07 1.500 0.010 25  2
8.25E-07 1.500 0.010 26  2
8.50E-07 1.500 0.010 27  2
8.75E-07 1.500 0.010 28  2
9.00E-07 1.500 0.010 29  2
9.25E-07 1.500 0.010 30  2
9.50E-07 1.500 0.010 31  2
9.75E-07 1.500 0.010 32  2
1.00E-06 1.500 0.010 33  2
1.20E-06 1.500 0.010 34  2
1.40E-06 1.500 0.010 35  2
1.60E-06 1.500 0.010 36  2
1.80E-06 1.500 0.010 37  2
2.00E-06 1.500 0.010 38  2
2.20E-06 1.500 0.010 39  2
2.40E-06 1.500 0.010 40  2
2.60E-06 1.500 0.010 41  2
2.65E-06 1.500 0.010 42  2
2.70E-06 1.500 0.010 43  2
2.75E-06 1.500 0.010 44  2
2.80E-06 1.500 0.010 45  2
2.85E-06 1.500 0.010 46  2
2.90E-06 1.500 0.010 47  2
2.95E-06 1.500 0.010 48  2
3.00E-06 1.500 0.010 49  2
3.05E-06 1.500 0.010 50  2
3.10E-06 1.500 0.010 51  2
3.15E-06 1.500 0.010 52  2
3.20E-06 1.500 0.010 53  2
3.25E-06 1.500 0.010 54  2
3.30E-06 1.500 0.010 55  2
3.35E-06 1.500 0.010 56  2
3.40E-06 1.500 0.010 57  2
3.45E-06 1.500 0.010 58  2
3.50E-06 1.500 0.010 59  2
3.60E-06 1.500 0.010 60  2
3.70E-06 1.500 0.010 61  2
3.80E-06 1.500 0.010 62  2
3.90E-06 1.500 0.010 63  2
4.00E-06 1.500 0.010 64  2
4.10E-06 1.500 0.010 65  2
4.20E-06 1.500 0.010 66  2
4.30E-06 1.500 0.010 67  2
4.40E-06 1.500 0.010 68  2
4.50E-06 1.500 0.010 69  2
4.60E-06 1.500 0.010 70  2
4.70E-06 1.500 0.010 71  2
4.80E-06 1.500 0.010 72  2
4.90E-06 1.500 0.010 73  2
5.00E-06 1.500 0.010 74  2
5.10E-06 1.500 0.010 75  2
5.20E-06 1.500 0.010 76  2
5.30E-06 1.500 0.010 77  2
5.40E-06 1.500 0.010 78  2
5.50E-06 1.500 0.010 79  2
5.60E-06 1.500 0.010 80  2
5.70E-06 1.500 0.010 81  2
5.80E-06 1.500 0.010 82  2
5.90E-06 1.500 0.010 83  2
6.00E-06 1.500 0.010 84  2
6.10E-06 1.500 0.010 85  2
6.20E-06 1.500 0.010 86  2
6.30E-06 1.500 0.010 87  2
6.40E-06 1.500 0.010 88  2
6.50E-06 1.500 0.010 89  2
6.60E-06 1.500 0.010 90  2
6.70E-06 1.500 0.010 91  2
6.80E-06 1.500 0.010 92  2
6.90E-06 1.500 0.010 93  2
7.00E-06 1.500 0.010 94  2
7.10E-06 1.500 0.010 95  2
7.20E-06 1.500 0.010 96  2
7.30E-06 1.500 0.010 97  2
7.40E-06 1.500 0.010 98  2
7.50E-06 1.500 0.010 99  2
7.60E-06 1.500 0.010 100  2
7.70E-06 1.500 0.010 101  2
7.80E-06 1.500 0.010 102  2
7.90E-06 1.500 0.010 103  2
8.00E-06 1.500 0.010 104  2
8.20E-06 1.500 0.010 105  2
8.40E-06 1.500 0.010 106  2
8.60E-06 1.500 0.010 107  2
8.80E-06 1.500 0.010 108  2
9.00E-06 1.500 0.010 109  2
9.20E-06 1.500 0.010 110  2
9.40E-06 1.500 0.010 111  2
9.60E-06 1.500 0.010 112  2
9.80E-06 1.500 0.010 113  2
1.00E-05 1.500 0.010 114  2
1.05E-05 1.500 0.010 115  2
1.10E-05 1.500 0.010 116  2
1.15E-05 1.500 0.010 117  2
1.20E-05 1.500 0.010 118  2
1.25E-05 1.500 0.010 119  2
1.30E-05 1.500 0.010 120  2
1.35E-05 1.500 0.010 121  2
1.40E-05 1.500 0.010 122  2
1.45E-05 1.500 0.010 123  2
1.50E-05 1.500 0.010 124  2
1.55E-05 1.500 0.010 125  2
1.60E-05 1.500 0.010 126  2
1.65E-05 1.500 0.010 127  2
1.70E-05 1.500 0.010 128  2
1.75E-05 1.500 0.010 129  2
1.80E-05 1.500 0.010 130  2
1.85E-05 1.500 0.010 131  2
1.90E-05 1.500 0.010 132  2
1.95E-05 1.500 0.010 133  2
2.00E-05 1.500 0.010 134  2
2.10E-05 1.500 0.010 135  2
2.20E-05 1.500 0.010 136  2
2.30E-05 1.500 0.010 137  2
2.40E-05 1.500 0.010 138  2
2.50E-05 1.500 0.010 139  2
2.60E-05 1.500 0.010 140  2
2.70E-05 1.500 0.010 141  2
2.80E-05 1.500 0.010 142  2
2.90E-05 1.500 0.010 143  2
3.00E-05 1.500 0.010 144  2
3.20E-05 1.500 0.010 145  2
3.40E-05 1.500 0.010 146  2
3.60E-05 1.500 0.010 147  2
3.80E-05 1.500 0.010 148  2
4.00E-05 1.500 0.010 149  2
4.20E-05 1.500 0.010 150  2
4.40E-05 1.500 0.010 151  2
4.60E-05 1.500 0.010 152  2
4.80E-05 1.500 0.010 153  2
5.00E-05 1.500 0.010 154  2
6.00E-05 1.500 0.010 155  2
7.00E-05 1.500 0.010 156  2
8.00E-05 1.500 0.010 157  2
9.00E-05 1.500 0.010 158  2
2.00E-07 1.500 0.010  1  3
2.25E-07 1.500 0.010  2  3
2.50E-07 1.500 0.010  3  3
2.75E-07 1.500 0.010  4  3
3.00E-07 1.500 0.010  5  3
3.25E-07 1.500 0.010  6  3
3.50E-07 1.500 0.010  7  3
3.75E-07 1.500 0.010  8  3
4.00E-07 1.500 0.010  9  3
4.25E-07 1.500 0.010 10  3
4.50E-07 1.500 0.010 11  3
4.75E-07 1.500 0.010 12  3
5.00E-07 1.500 0.010 13  3
5.25E-07 1.500 0.010 14  3
5.50E-07 1.500 0.010 15  3
5.75E-07 1.500 0.010 16  3
6.00E-07 1.500 0.010 17  3
6.25E-07 1.500 0.010 18  3
6.50E-07 1.500 0.010 19  3
6.75E-07 1.500 0.010 20  3
7.00E-07 1.500 0.010 21  3
7.25E-07 1.500 0.010 22  3
7.50E-07 1.500 0.010 23  3
7.75E-07 1.500 0.010 24  3
8.00E-07 1.500 0.010 25  3
8.25E-07 1.500 0.010 26  3
8.50E-07 1.500 0.010 27  3
8.75E-07 1.500 0.010 28  3
9.00E-07 1.500 0.010 29  3
9.25E-07 1.500 0.010 30  3
9.50E-07 1.500 0.010 31  3
9.75E-07 1.500 0.010 32  3
1.00E-06 1.500 0.010 33  3
1.20E-06 1.500 0.010 34  3
1.40E-06 1.500 0.010 35  3
1.60E-06 1.500 0.010 36  3
1.80E-06 1.500 0.010 37  3
2.00E-06 1.500 0.010 38  3
2.20E-06 1.500 0.010 39  3
2.40E-06 1.500 0.010 40  3
2.60E-06 1.500 0.010 41  3
2.65E-06 1.500 0.010 42  3
2.70E-06 1.500 0.010 43  3
2.75E-06 1.500 0.010 44  3
2.80E-06 1.500 0.010 45  3
2.85E-06 1.500 0.010 46  3
2.90E-06 1.500 0.010 47  3
2.95E-06 1.500 0.010 48  3
3.00E-06 1.500 0.010 49  3
3.05E-06 1.500 0.010 50  3
3.10E-06 1.500 0.010 51  3
3.15E-06 1.500 0.010 52  3
3.20E-06 1.500 0.010 53  3
3.25E-06 1.500 0.010 54  3
3.30E-06 1.500 0.010 55  3
3.35E-06 1.500 0.010 56  3
3.40E-06 1.500 0.010 57  3
3.45E-06 1.500 0.010 58  3
3.50E-06 1.500 0.010 59  3
3.60E-06 1.500 0.010 60  3
3.70E-06 1.500 0.010 61  3
3.80E-06 1.500 0.010 62  3
3.90E-06 1.500 0.010 63  3
4.00E-06 1.500 0.010 64  3
4.10E-06 1.500 0.010 65  3
4.20E-06 1.500 0.010 66  3
4.30E-06 1.500 0.010 67  3
4.40E-06 1.500 0.010 68  3
4.50E-06 1.500 0.010 69  3
4.60E-06 1.500 0.010 70  3
4.70E-06 1.500 0.010 71  3
4.80E-06 1.500 0.010 72  3
4.90E-06 1.500 0.010 73  3
5.00E-06 1.500 0.010 74  3
5.10E-06 1.500 0.010 75  3
5.20E-06 1.500 0.010 76  3
5.30E-06 1.500 0.010 77  3
5.40E-06 1.500 0.010 78  3
5.50E-06 1.500 0.010 79  3
5.60E-06 1.500 0.010 80  3
5.70E-06 1.500 0.010 81  3
5.80E-06 1.500 0.010 82  3
5.90E-06 1.500 0.010 83  3
6.00E-06 1.500 0.010 84  3
6.10E-06 1.500 0.010 85  3
6.20E-06 1.500 0.010 86  3
6.30E-06 1.500 0.010 87  3
6.40E-06 1.500 0.010 88  3
6.50E-06 1.500 0.010 89  3
6.60E-06 1.500 0.010 90  3
6.70E-06 1.500 0.010 91  3
6.80E-06 1.500 0.010 92  3
6.90E-06 1.500 0.010 93  3
7.00E-06 1.500 0.010 94  3
7.10E-06 1.500 0.010 95  3
7.20E-06 1.500 0.010 96  3
7.30E-06 1.500 0.010 97  3
7.40E-06 1.500 0.010 98  3
7.50E-06 1.500 0.010 99  3
7.60E-06 1.500 0.010 100  3
7.70E-06 1.500 0.010 101  3
7.80E-06 1.500 0.010 102  3
7.90E-06 1.500 0.010 103  3
8.00E-06 1.500 0.010 104  3
8.20E-06 1.500 0.010 105  3
8.40E-06 1.500 0.010 106  3
8.60E-06 1.500 0.010 107  3
8.80E-06 1.500 0.010 108  3
9.00E-06 1.500 0.010 109  3
9.20E-06 1.500 0.010 110  3
9.40E-06 1.500 0.010 111  3
9.60E-06 1.500 0.010 112  3
9.80E-06 1.500 0.010 113  3
1.00E-05 1.500 0.010 114  3
1.05E-05 1.500 0.010 115  3
1.10E-05 1.500 0.010 116  3
1.15E-05 1.500 0.010 117  3
1.20E-05 1.500 0.010 118  3
1.25E-05 1.500 0.010 119  3
1.30E-05 1.500 0.010 120  3
1.35E-05 1.500 0.010 121  3
1.40E-05 1.500 0.010 122  3
1.45E-05 1.500 0.010 123  3
1.50E-05 1.500 0.010 124  3
1.55E-05 1.500 0.010 125  3
1.60E-05 1.500 0.010 126  3
1.65E-05 1.500 0.010 127  3
1.70E-05 1.500 0.010 128  3
1.75E-05 1.500 0.010 129  3
1.80E-05 1.500 0.010 130  3
1.85E-05 1.500 0.010 131  3
1.90E-05 1.500 0.010 132  3
1.95E-05 1.500 0.010 133  3
2.00E-05 1.500 0.010 134  3
2.10E-05 1.500 0.010 135  3
2.20E-05 1.500 0.010 136  3
2.30E-05 1.500 0.010 137  3
2.40E-05 1.500 0.010 138  3
2.50E-05 1.500 0.010 139  3
2.60E-05 1.500 0.010 140  3
2.70E-05 1.500 0.010 141  3
2.80E-05 1.500 0.010 142  3
2.90E-05 1.500 0.010 143  3
3.00E-05 1.500 0.010 144  3
3.20E-05 1.500 0.010 145  3
3.40E-05 1.500 0.010 146  3
3.60E-05 1.500 0.010 147  3
3.80E-05 1.500 0.010 148  3
4.00E-05 1.500 0.010 149  3
4.20E-05 1.500 0.010 150  3
4.40E-05 1.500 0.010 151  3
4.60E-05 1.500 0.010 152  3
4.80E-05 1.500 0.010 153  3
5.00E-05 1.500 0.010 154  3
6.00E-05 1.500 0.010 155  3
7.00E-05 1.500 0.010 156  3
8.00E-05 1.500 0.010 157  3
9.00E-05 1.500 0.010 158  3
2.00E-07 1.500 0.010  1  4
2.25E-07 1.500 0.010  2  4
2.50E-07 1.500 0.010  3  4
2.75E-07 1.500 0.010  4  4
3.00E-07 1.500 0.010  5  4
3.25E-07 1.500 0.010  6  4
3.50E-07 1.500 0.010  7  4
3.75E-07 1.500 0.010  8  4
4.00E-07 1.500 0.010  9  4
4.25E-07 1.500 0.010 10  4
4.50E-07 1.500 0.010 11  4
4.75E-07 1.500 0.010 12  4
5.00E-07 1.500 0.010 13  4
5.25E-07 1.500 0.010 14  4
5.50E-07 1.500 0.010 15  4
5.75E-07 1.500 0.010 16  4
6.00E-07 1.500 0.010 17  4
6.25E-07 1.500 0.010 18  4
6.50E-07 1.500 0.010 19  4
6.75E-07 1.500 0.010 20  4
7.00E-07 1.500 0.010 21  4
7.25E-07 1.500 0.010 22  4
7.50E-07 1.500 0.010 23  4
7.75E-07 1.500 0.010 24  4
8.00E-07 1.500 0.010 25  4
8.25E-07 1.500 0.010 26  4
8.50E-07 1.500 0.010 27  4
8.75E-07 1.500 0.010 28  4
9.00E-07 1.500 0.010 29  4
9.25E-07 1.500 0.010 30  4
9.50E-07 1.500 0.010 31  4
9.75E-07 1.500 0.010 32  4
1.00E-06 1.500 0.010 33  4
1.20E-06 1.500 0.010 34  4
1.40E-06 1.500 0.010 35  4
1.60E-06 1.500 0.010 36  4
1.80E-06 1.500 0.010 37  4
2.00E-06 1.500 0.010 38  4
2.20E-06 1.500 0.010 39  4
2.40E-06 1.500 0.010 40  4
2.60E-06 1.500 0.010 41  4
2.65E-06 1.500 0.010 42  4
2.70E-06 1.500 0.010 43  4
2.75E-06 1.500 0.010 44  4
2.80E-06 1.500 0.010 45  4
2.85E-06 1.500 0.010 46  4
2.90E-06 1.500 0.010 47  4
2.95E-06 1.500 0.010 48  4
3.00E-06 1.500 0.010 49  4
3.05E-06 1.500 0.010 50  4
3.10E-06 1.500 0.010 51  4
3.15E-06 1.500 0.010 52  4
3.20E-06 1.500 0.010 53  4
3.25E-06 1.500 0.010 54  4
3.30E-06 1.500 0.010 55  4
3.35E-06 1.500 0.010 56  4
3.40E-06 1.500 0.010 57  4
3.45E-06 1.500 0.010 58  4
3.50E-06 1.500 0.010 59  4
3.60E-06 1.500 0.010 60  4
3.70E-06 1.500 0.010 61  4
3.80E-06 1.500 0.010 62  4
3.90E-06 1.500 0.010 63  4
4.00E-06 1.500 0.010 64  4
4.10E-06 1.500 0.010 65  4
4.20E-06 1.500 0.010 66  4
4.30E-06 1.500 0.010 67  4
4.40E-06 1.500 0.010 68  4
4.50E-06 1.500 0.010 69  4
4.60E-06 1.500 0.010 70  4
4.70E-06 1.500 0.010 71  4
4.80E-06 1.500 0.010 72  4
4.90E-06 1.500 0.010 73  4
5.00E-06 1.500 0.010 74  4
5.10E-06 1.500 0.010 75  4
5.20E-06 1.500 0.010 76  4
5.30E-06 1.500 0.010 77  4
5.40E-06 1.500 0.010 78  4
5.50E-06 1.500 0.010 79  4
5.60E-06 1.500 0.010 80  4
5.70E-06 1.500 0.010 81  4
5.80E-06 1.500 0.010 82  4
5.90E-06 1.500 0.010 83  4
6.00E-06 1.500 0.010 84  4
6.10E-06 1.500 0.010 85  4
6.20E-06 1.500 0.010 86  4
6.30E-06 1.500 0.010 87  4
6.40E-06 1.500 0.010 88  4
6.50E-06 1.500 0.010 89  4
6.60E-06 1.500 0.010 90  4
6.70E-06 1.500 0.010 91  4
6.80E-06 1.500 0.010 92  4
6.90E-06 1.500 0.010 93  4
7.00E-06 1.500 0.010 94  4
7.10E-06 1.500 0.010 95  4
7.20E-06 1.500 0.010 96  4
7.30E-06 1.500 0.010 97  4
7.40E-06 1.500 0.010 98  4
7.50E-06 1.500 0.010 99  4
7.60E-06 1.500 0.010 100  4
7.70E-06 1.500 0.010 101  4
7.80E-06 1.500 0.010 102  4
7.90E-06 1.500 0.010 103  4
8.00E-06 1.500 0.010 104  4
8.20E-06 1.500 0.010 105  4
8.40E-06 1.500 0.010 106  4
8.60E-06 1.500 0.010 107  4
8.80E-06 1.500 0.010 108  4
9.00E-06 1.500 0.010 109  4
9.20E-06 1.500 0.010 110  4
9.40E-06 1.500 0.010 111  4
9.60E-06 1.500 0.010 112  4
9.80E-06 1.500 0.010 113  4
1.00E-05 1.500 0.010 114  4
1.05E-05 1.500 0.010 115  4
1.10E-05 1.500 0.010 116  4
1.15E-05 1.500 0.010 117  4
1.20E-05 1.500 0.010 118  4
1.25E-05 1.500 0.010 119  4
1.30E-05 1.500 0.010 120  4
1.35E-05 1.500 0.010 121  4
1.40E-05 1.500 0.010 122  4
1.45E-05 1.500 0.010 123  4
1.50E-05 1.500 0.010 124  4
1.55E-05 1.500 0.010 125  4
1.60E-05 1.500 0.010 126  4
1.65E-05 1.500 0.010 127  4
1.70E-05 1.500 0.010 128  4
1.75E-05 1.500 0.010 129  4
1.80E-05 1.500 0.010 130  4
1.85E-05 1.500 0.010 131  4
1.90E-05 1.500 0.010 132  4
1.95E-05 1.500 0.010 133  4
2.00E-05 1.500 0.010 134  4
2.10E-05 1.500 0.010 135  4
2.20E-05 1.500 0.010 136  4
2.30E-05 1.500 0.010 137  4
2.40E-05 1.500 0.010 138  4
2.50E-05 1.500 0.010 139  4
2.60E-05 1.500 0.010 140  4
2.70E-05 1.500 0.010 141  4
2.80E-05 1.500 0.010 142  4
2.90E-05 1.500 0.010 143  4
3.00E-05 1.500 0.010 144  4
3.20E-05 1.500 0.010 145  4
3.40E-05 1.500 0.010 146  4
3.60E-05 1.500 0.010 147  4
3.80E-05 1.500 0.010 148  4
4.00E-05 1.500 0.010 149  4
4.20E-05 1.500 0.010 150  4
4.40E-05 1.500 0.010 151  4
4.60E-05 1.500 0.010 152  4
4.80E-05 1.500 0.010 153  4
5.00E-05 1.500 0.010 154  4
6.00E-05 1.500 0.010 155  4
7.00E-05 1.500 0.010 156  4
8.00E-05 1.500 0.010 157  4
9.00E-05 1.500 0.010 158  4
2.00E-07 1.500 0.010  1  5
2.25E-07 1.500 0.010  2  5
2.50E-07 1.500 0.010  3  5
2.75E-07 1.500 0.010  4  5
3.00E-07 1.500 0.010  5  5
3.25E-07 1.500 0.010  6  5
3.50E-07 1.500 0.010  7  5
3.75E-07 1.500 0.010  8  5
4.00E-07 1.500 0.010  9  5
4.25E-07 1.500 0.010 10  5
4.50E-07 1.500 0.010 11  5
4.75E-07 1.500 0.010 12  5
5.00E-07 1.500 0.010 13  5
5.25E-07 1.500 0.010 14  5
5.50E-07 1.500 0.010 15  5
5.75E-07 1.500 0.010 16  5
6.00E-07 1.500 0.010 17  5
6.25E-07 1.500 0.010 18  5
6.50E-07 1.500 0.010 19  5
6.75E-07 1.500 0.010 20  5
7.00E-07 1.500 0.010 21  5
7.25E-07 1.500 0.010 22  5
7.50E-07 1.500 0.010 23  5
7.75E-07 1.500 0.010 24  5
8.00E-07 1.500 0.010 25  5
8.25E-07 1.500 0.010 26  5
8.50E-07 1.500 0.010 27  5
8.75E-07 1.500 0.010 28  5
9.00E-07 1.500 0.010 29  5
9.25E-07 1.500 0.010 30  5
9.50E-07 1.500 0.010 31  5
9.75E-07 1.500 0.010 32  5
1.00E-06 1.500 0.010 33  5
1.20E-06 1.500 0.010 34  5
1.40E-06 1.500 0.010 35  5
1.60E-06 1.500 0.010 36  5
1.80E-06 1.500 0.010 37  5
2.00E-06 1.500 0.010 38  5
2.20E-06 1.500 0.010 39  5
2.40E-06 1.500 0.010 40  5
2.60E-06 1.500 0.010 41  5
2.65E-06 1.500 0.010 42  5
2.70E-06 1.500 0.010 43  5
2.75E-06 1.500 0.010 44  5
2.80E-06 1.500 0.010 45  5
2.85E-06 1.500 0.010 46  5
2.90E-06 1.500 0.010 47  5
2.95E-06 1.500 0.010 48  5
3.00E-06 1.500 0.010 49  5
3.05E-06 1.500 0.010 50  5
3.10E-06 1.500 0.010 51  5
3.15E-06 1.500 0.010 52  5
3.20E-06 1.500 0.010 53  5
3.25E-06 1.500 0.010 54  5
3.30E-06 1.500 0.010 55  5
3.35E-06 1.500 0.010 56  5
3.40E-06 1.500 0.010 57  5
3.45E-06 1.500 0.010 58  5
3.50E-06 1.500 0.010 59  5
3.60E-06 1.500 0.010 60  5
3.70E-06 1.500 0.010 61  5
3.80E-06 1.500 0.010 62  5
3.90E-06 1.500 0.010 63  5
4.00E-06 1.500 0.010 64  5
4.10E-06 1.500 0.010 65  5
4.20E-06 1.500 0.010 66  5
4.30E-06 1.500 0.010 67  5
4.40E-06 1.500 0.010 68  5
4.50E-06 1.500 0.010 69  5
4.60E-06 1.500 0.010 70  5
4.70E-06 1.500 0.010 71  5
4.80E-06 1.500 0.010 72  5
4.90E-06 1.500 0.010 73  5
5.00E-06 1.500 0.010 74  5
5.10E-06 1.500 0.010 75  5
5.20E-06 1.500 0.010 76  5
5.30E-06 1.500 0.010 77  5
5.40E-06 1.500 0.010 78  5
5.50E-06 1.500 0.010 79  5
5.60E-06 1.500 0.010 80  5
5.70E-06 1.500 0.010 81  5
5.80E-06 1.500 0.010 82  5
5.90E-06 1.500 0.010 83  5
6.00E-06 1.500 0.010 84  5
6.10E-06 1.500 0.010 85  5
6.20E-06 1.500 0.010 86  5
6.30E-06 1.500 0.010 87  5
6.40E-06 1.500 0.010 88  5
6.50E-06 1.500 0.010 89  5
6.60E-06 1.500 0.010 90  5
6.70E-06 1.500 0.010 91  5
6.80E-06 1.500 0.010 92  5
6.90E-06 1.500 0.010 93  5
7.00E-06 1.500 0.010 94  5
7.10E-06 1.500 0.010 95  5
7.20E-06 1.500 0.010 96  5
7.30E-06 1.500 0.010 97  5
7.40E-06 1.500 0.010 98  5
7.50E-06 1.500 0.010 99  5
7.60E-06 1.500 0.010 100  5
7.70E-06 1.500 0.010 101  5
7.80E-06 1.500 0.010 102  5
7.90E-06 1.500 0.010 103  5
8.00E-06 1.500 0.010 104  5
8.20E-06 1.500 0.010 105  5
8.40E-06 1.500 0.010 106  5
8.60E-06 1.500 0.010 107  5
8.80E-06 1.500 0.010 108  5
9.00E-06 1.500 0.010 109  5
9.20E-06 1.500 0.010 110  5
9.40E-06 1.500 0.010 111  5
9.60E-06 1.500 0.010 112  5
9.80E-06 1.500 0.010 113  5
1.00E-05 1.500 0.010 114  5
1.05E-05 1.500 0.010 115  5
1.10E-05 1.500 0.010 116  5
1.15E-05 1.500 0.010 117  5
1.20E-05 1.500 0.010 118  5
1.25E-05 1.500 0.010 119  5
1.30E-05 1.500 0.010 120  5
1.35E-05 1.500 0.010 121  5
1.40E-05 1.500 0.010 122  5
1.45E-05 1.500 0.010 123  5
1.50E-05 1.500 0.010 124  5
1.55E-05 1.500 0.010 125  5
1.60E-05 1.500 0.010 126  5
1.65E-05 1.500 0.010 127  5
1.70E-05 1.500 0.010 128  5
1.75E-05 1.500 0.010 129  5
1.80E-05 1.500 0.010 130  5
1.85E-05 1.500 0.010 131  5
1.90E-05 1.500 0.010 132  5
1.95E-05 1.500 0.010 133  5
2.00E-05 1.500 0.010 134  5
2.10E-05 1.500 0.010 135  5
2.20E-05 1.500 0.010 136  5
2.30E-05 1.500 0.010 137  5
2.40E-05 1.500 0.010 138  5
2.50E-05 1.500 0.010 139  5
2.60E-05 1.500 0.010 140  5
2.70E-05 1.500 0.010 141  5
2.80E-05 1.500 0.010 142  5
2.90E-05 1.500 0.010 143  5
3.00E-05 1.500 0.010 144  5
3.20E-05 1.500 0.010 145  5
3.40E-05 1.500 0.010 146  5
3.60E-05 1.500 0.010 147  5
3.80E-05 1.500 0.010 148  5
4.00E-05 1.500 0.010 149  5
4.20E-05 1.500 0.010 150  5
4.40E-05 1.500 0.010 151  5
4.60E-05 1.500 0.010 152  5
4.80E-05 1.500 0.010 153  5
5.00E-05 1.500 0.010 154  5
6.00E-05 1.500 0.010 155  5
7.00E-05 1.500 0.010 156  5
8.00E-05 1.500 0.010 157  5
9.00E-05 1.500 0.010 158  5
2.00E-07 1.456 0.006  1  6
2.25E-07 1.446 0.006  2  6
2.50E-07 1.442 0.006  3  6
2.75E-07 1.438 0.006  4  6
3.00E-07 1.436 0.006  5  6
3.25E-07 1.435 0.006  6  6
3.50E-07 1.434 0.006  7  6
3.75E-07 1.433 0.006  8  6
4.00E-07 1.432 0.006  9  6
4.25E-07 1.432 0.006 10  6
4.50E-07 1.431 0.006 11  6
4.75E-07 1.431 0.006 12  6
5.00E-07 1.430 0.006 13  6
5.25E-07 1.430 0.006 14  6
5.50E-07 1.430 0.006 15  6
5.75E-07 1.430 0.006 16  6
6.00E-07 1.429 0.006 17  6
6.25E-07 1.429 0.006 18  6
6.50E-07 1.429 0.006 19  6
6.75E-07 1.429 0.006 20  6
7.00E-07 1.429 0.006 21  6
7.25E-07 1.428 0.006 22  6
7.50E-07 1.428 0.006 23  6
7.75E-07 1.428 0.006 24  6
8.00E-07 1.428 0.006 25  6
8.25E-07 1.428 0.006 26  6
8.50E-07 1.428 0.006 27  6
8.75E-07 1.428 0.006 28  6
9.00E-07 1.428 0.006 29  6
9.25E-07 1.428 0.006 30  6
9.50E-07 1.427 0.006 31  6
9.75E-07 1.427 0.006 32  6
1.00E-06 1.427 0.006 33  6
1.20E-06 1.426 0.006 34  6
1.40E-06 1.425 0.006 35  6
1.60E-06 1.423 0.006 36  6
1.80E-06 1.421 0.006 37  6
2.00E-06 1.418 0.006 38  6
2.20E-06 1.414 0.006 39  6
2.40E-06 1.407 0.006 40  6
2.60E-06 1.391 0.007 41  6
2.65E-06 1.382 0.009 42  6
2.70E-06 1.369 0.014 43  6
2.75E-06 1.355 0.031 44  6
2.80E-06 1.349 0.054 45  6
2.85E-06 1.352 0.084 46  6
2.90E-06 1.374 0.119 47  6
2.95E-06 1.412 0.131 48  6
3.00E-06 1.446 0.120 49  6
3.05E-06 1.469 0.107 50  6
3.10E-06 1.486 0.087 51  6
3.15E-06 1.493 0.063 52  6
3.20E-06 1.491 0.045 53  6
3.25E-06 1.486 0.031 54  6
3.30E-06 1.479 0.021 55  6
3.35E-06 1.471 0.017 56  6
3.40E-06 1.466 0.014 57  6
3.45E-06 1.462 0.011 58  6
3.50E-06 1.458 0.010 59  6
3.60E-06 1.452 0.008 60  6
3.70E-06 1.447 0.007 61  6
3.80E-06 1.443 0.007 62  6
3.90E-06 1.440 0.007 63  6
4.00E-06 1.437 0.008 64  6
4.10E-06 1.435 0.008 65  6
4.20E-06 1.433 0.009 66  6
4.30E-06 1.432 0.009 67  6
4.40E-06 1.430 0.010 68  6
4.50E-06 1.429 0.011 69  6
4.60E-06 1.428 0.012 70  6
4.70E-06 1.428 0.012 71  6
4.80E-06 1.428 0.012 72  6
4.90E-06 1.428 0.012 73  6
5.00E-06 1.426 0.011 74  6
5.10E-06 1.425 0.010 75  6
5.20E-06 1.423 0.010 76  6
5.30E-06 1.421 0.010 77  6
5.40E-06 1.418 0.010 78  6
5.50E-06 1.415 0.011 79  6
5.60E-06 1.411 0.012 80  6
5.70E-06 1.406 0.014 81  6
5.80E-06 1.400 0.020 82  6
5.90E-06 1.394 0.032 83  6
6.00E-06 1.401 0.051 84  6
6.10E-06 1.424 0.061 85  6
6.20E-06 1.442 0.043 86  6
6.30E-06 1.440 0.030 87  6
6.40E-06 1.436 0.025 88  6
6.50E-06 1.432 0.022 89  6
6.60E-06 1.430 0.021 90  6
6.70E-06 1.428 0.020 91  6
6.80E-06 1.426 0.020 92  6
6.90E-06 1.425 0.019 93  6
7.00E-06 1.423 0.019 94  6
7.10E-06 1.422 0.019 95  6
7.20E-06 1.421 0.019 96  6
7.30E-06 1.420 0.019 97  6
7.40E-06 1.419 0.019 98  6
7.50E-06 1.417 0.020 99  6
7.60E-06 1.417 0.020 100  6
7.70E-06 1.415 0.020 101  6
7.80E-06 1.414 0.020 102  6
7.90E-06 1.413 0.020 103  6
8.00E-06 1.412 0.020 104  6
8.20E-06 1.410 0.021 105  6
8.40E-06 1.408 0.021 106  6
8.60E-06 1.405 0.021 107  6
8.80E-06 1.403 0.022 108  6
9.00E-06 1.400 0.023 109  6
9.20E-06 1.397 0.023 110  6
9.40E-06 1.393 0.024 111  6
9.60E-06 1.390 0.025 112  6
9.80E-06 1.386 0.026 113  6
1.00E-05 1.381 0.027 114  6
1.05E-05 1.367 0.034 115  6
1.10E-05 1.354 0.047 116  6
1.15E-05 1.342 0.066 117  6
1.20E-05 1.336 0.090 118  6
1.25E-05 1.341 0.115 119  6
1.30E-05 1.351 0.134 120  6
1.35E-05 1.364 0.150 121  6
1.40E-05 1.378 0.162 122  6
1.45E-05 1.391 0.169 123  6
1.50E-05 1.403 0.175 124  6
1.55E-05 1.414 0.180 125  6
1.60E-05 1.426 0.184 126  6
1.65E-05 1.437 0.186 127  6
1.70E-05 1.448 0.187 128  6
1.75E-05 1.458 0.187 129  6
1.80E-05 1.468 0.185 130  6
1.85E-05 1.476 0.183 131  6
1.90E-05 1.484 0.180 132  6
1.95E-05 1.490 0.176 133  6
2.00E-05 1.492 0.171 134  6
2.10E-05 1.495 0.167 135  6
2.20E-05 1.500 0.163 136  6
2.30E-05 1.505 0.160 137  6
2.40E-05 1.509 0.158 138  6
2.50E-05 1.513 0.156 139  6
2.60E-05 1.516 0.153 140  6
2.70E-05 1.519 0.151 141  6
2.80E-05 1.521 0.148 142  6
2.90E-05 1.521 0.146 143  6
3.00E-05 1.521 0.144 144  6
3.20E-05 1.519 0.142 145  6
3.40E-05 1.515 0.144 146  6
3.60E-05 1.511 0.150 147  6
3.80E-05 1.509 0.158 148  6
4.00E-05 1.508 0.168 149  6
4.20E-05 1.509 0.178 150  6
4.40E-05 1.513 0.189 151  6
4.60E-05 1.517 0.200 152  6
4.80E-05 1.523 0.211 153  6
5.00E-05 1.537 0.222 154  6
6.00E-05 1.586 0.253 155  6
7.00E-05 1.635 0.248 156  6
8.00E-05 1.663 0.236 157  6
9.00E-05 1.679 0.232 158  6
2.00E-07 1.443 0.005  1  7
2.25E-07 1.431 0.005  2  7
2.50E-07 1.425 0.005  3  7
2.75E-07 1.420 0.005  4  7
3.00E-07 1.418 0.005  5  7
3.25E-07 1.416 0.005  6  7
3.50E-07 1.414 0.005  7  7
3.75E-07 1.413 0.005  8  7
4.00E-07 1.412 0.005  9  7
4.25E-07 1.412 0.005 10  7
4.50E-07 1.411 0.005 11  7
4.75E-07 1.411 0.005 12  7
5.00E-07 1.410 0.005 13  7
5.25E-07 1.410 0.005 14  7
5.50E-07 1.409 0.005 15  7
5.75E-07 1.409 0.005 16  7
6.00E-07 1.408 0.005 17  7
6.25E-07 1.408 0.005 18  7
6.50E-07 1.408 0.005 19  7
6.75E-07 1.408 0.005 20  7
7.00E-07 1.408 0.005 21  7
7.25E-07 1.407 0.005 22  7
7.50E-07 1.407 0.005 23  7
7.75E-07 1.407 0.005 24  7
8.00E-07 1.407 0.005 25  7
8.25E-07 1.407 0.005 26  7
8.50E-07 1.407 0.005 27  7
8.75E-07 1.406 0.005 28  7
9.00E-07 1.406 0.005 29  7
9.25E-07 1.406 0.005 30  7
9.50E-07 1.406 0.005 31  7
9.75E-07 1.406 0.005 32  7
1.00E-06 1.406 0.005 33  7
1.20E-06 1.404 0.005 34  7
1.40E-06 1.402 0.005 35  7
1.60E-06 1.400 0.005 36  7
1.80E-06 1.398 0.005 37  7
2.00E-06 1.394 0.005 38  7
2.20E-06 1.389 0.005 39  7
2.40E-06 1.380 0.005 40  7
2.60E-06 1.359 0.006 41  7
2.65E-06 1.347 0.008 42  7
2.70E-06 1.330 0.015 43  7
2.75E-06 1.313 0.037 44  7
2.80E-06 1.305 0.067 45  7
2.85E-06 1.309 0.105 46  7
2.90E-06 1.337 0.151 47  7
2.95E-06 1.387 0.167 48  7
3.00E-06 1.430 0.153 49  7
3.05E-06 1.460 0.135 50  7
3.10E-06 1.482 0.109 51  7
3.15E-06 1.491 0.078 52  7
3.20E-06 1.488 0.055 53  7
3.25E-06 1.482 0.038 54  7
3.30E-06 1.473 0.025 55  7
3.35E-06 1.463 0.019 56  7
3.40E-06 1.456 0.015 57  7
3.45E-06 1.451 0.012 58  7
3.50E-06 1.446 0.010 59  7
3.60E-06 1.437 0.007 60  7
3.70E-06 1.431 0.007 61  7
3.80E-06 1.426 0.006 62  7
3.90E-06 1.422 0.007 63  7
4.00E-06 1.419 0.007 64  7
4.10E-06 1.416 0.008 65  7
4.20E-06 1.414 0.008 66  7
4.30E-06 1.412 0.009 67  7
4.40E-06 1.410 0.010 68  7
4.50E-06 1.408 0.012 69  7
4.60E-06 1.407 0.013 70  7
4.70E-06 1.407 0.013 71  7
4.80E-06 1.407 0.013 72  7
4.90E-06 1.406 0.012 73  7
5.00E-06 1.405 0.011 74  7
5.10E-06 1.403 0.011 75  7
5.20E-06 1.400 0.010 76  7
5.30E-06 1.398 0.010 77  7
5.40E-06 1.394 0.010 78  7
5.50E-06 1.390 0.011 79  7
5.60E-06 1.385 0.012 80  7
5.70E-06 1.379 0.016 81  7
5.80E-06 1.370 0.023 82  7
5.90E-06 1.363 0.038 83  7
6.00E-06 1.372 0.063 84  7
6.10E-06 1.401 0.076 85  7
6.20E-06 1.425 0.052 86  7
6.30E-06 1.422 0.036 87  7
6.40E-06 1.417 0.029 88  7
6.50E-06 1.412 0.026 89  7
6.60E-06 1.410 0.024 90  7
6.70E-06 1.407 0.023 91  7
6.80E-06 1.404 0.022 92  7
6.90E-06 1.402 0.022 93  7
7.00E-06 1.400 0.022 94  7
7.10E-06 1.399 0.022 95  7
7.20E-06 1.398 0.022 96  7
7.30E-06 1.396 0.022 97  7
7.40E-06 1.395 0.022 98  7
7.50E-06 1.393 0.022 99  7
7.60E-06 1.392 0.022 100  7
7.70E-06 1.390 0.023 101  7
7.80E-06 1.389 0.023 102  7
7.90E-06 1.388 0.023 103  7
8.00E-06 1.386 0.023 104  7
8.20E-06 1.383 0.024 105  7
8.40E-06 1.381 0.024 106  7
8.60E-06 1.377 0.025 107  7
8.80E-06 1.374 0.026 108  7
9.00E-06 1.370 0.026 109  7
9.20E-06 1.367 0.027 110  7
9.40E-06 1.362 0.028 111  7
9.60E-06 1.358 0.029 112  7
9.80E-06 1.352 0.031 113  7
1.00E-05 1.346 0.032 114  7
1.05E-05 1.328 0.041 115  7
1.10E-05 1.311 0.057 116  7
1.15E-05 1.296 0.082 117  7
1.20E-05 1.288 0.113 118  7
1.25E-05 1.295 0.146 119  7
1.30E-05 1.307 0.171 120  7
1.35E-05 1.324 0.191 121  7
1.40E-05 1.342 0.206 122  7
1.45E-05 1.359 0.216 123  7
1.50E-05 1.375 0.224 124  7
1.55E-05 1.389 0.230 125  7
1.60E-05 1.405 0.234 126  7
1.65E-05 1.419 0.238 127  7
1.70E-05 1.432 0.238 128  7
1.75E-05 1.446 0.238 129  7
1.80E-05 1.458 0.237 130  7
1.85E-05 1.469 0.234 131  7
1.90E-05 1.479 0.230 132  7
1.95E-05 1.487 0.225 133  7
2.00E-05 1.489 0.219 134  7
2.10E-05 1.493 0.213 135  7
2.20E-05 1.500 0.208 136  7
2.30E-05 1.506 0.205 137  7
2.40E-05 1.511 0.201 138  7
2.50E-05 1.517 0.199 139  7
2.60E-05 1.521 0.195 140  7
2.70E-05 1.525 0.192 141  7
2.80E-05 1.527 0.189 142  7
2.90E-05 1.528 0.186 143  7
3.00E-05 1.528 0.183 144  7
3.20E-05 1.525 0.181 145  7
3.40E-05 1.520 0.184 146  7
3.60E-05 1.515 0.191 147  7
3.80E-05 1.512 0.201 148  7
4.00E-05 1.510 0.214 149  7
4.20E-05 1.512 0.227 150  7
4.40E-05 1.516 0.242 151  7
4.60E-05 1.522 0.256 152  7
4.80E-05 1.530 0.270 153  7
5.00E-05 1.547 0.285 154  7
6.00E-05 1.611 0.324 155  7
7.00E-05 1.675 0.318 156  7
8.00E-05 1.710 0.303 157  7
9.00E-05 1.731 0.297 158  7
2.00E-07 1.434 0.004  1  8
2.25E-07 1.419 0.004  2  8
2.50E-07 1.412 0.004  3  8
2.75E-07 1.407 0.004  4  8
3.00E-07 1.404 0.004  5  8
3.25E-07 1.402 0.004  6  8
3.50E-07 1.400 0.004  7  8
3.75E-07 1.399 0.004  8  8
4.00E-07 1.398 0.004  9  8
4.25E-07 1.397 0.004 10  8
4.50E-07 1.396 0.004 11  8
4.75E-07 1.396 0.004 12  8
5.00E-07 1.395 0.004 13  8
5.25E-07 1.394 0.004 14  8
5.50E-07 1.394 0.004 15  8
5.75E-07 1.394 0.004 16  8
6.00E-07 1.393 0.004 17  8
6.25E-07 1.393 0.004 18  8
6.50E-07 1.393 0.004 19  8
6.75E-07 1.393 0.004 20  8
7.00E-07 1.393 0.004 21  8
7.25E-07 1.392 0.004 22  8
7.50E-07 1.392 0.004 23  8
7.75E-07 1.392 0.004 24  8
8.00E-07 1.391 0.004 25  8
8.25E-07 1.391 0.004 26  8
8.50E-07 1.391 0.004 27  8
8.75E-07 1.391 0.004 28  8
9.00E-07 1.391 0.004 29  8
9.25E-07 1.391 0.004 30  8
9.50E-07 1.390 0.004 31  8
9.75E-07 1.390 0.004 32  8
1.00E-06 1.390 0.004 33  8
1.20E-06 1.388 0.004 34  8
1.40E-06 1.386 0.004 35  8
1.60E-06 1.384 0.004 36  8
1.80E-06 1.381 0.004 37  8
2.00E-06 1.377 0.004 38  8
2.20E-06 1.370 0.004 39  8
2.40E-06 1.360 0.004 40  8
2.60E-06 1.336 0.006 41  8
2.65E-06 1.321 0.008 42  8
2.70E-06 1.302 0.016 43  8
2.75E-06 1.282 0.041 44  8
2.80E-06 1.272 0.077 45  8
2.85E-06 1.277 0.121 46  8
2.90E-06 1.310 0.174 47  8
2.95E-06 1.368 0.193 48  8
3.00E-06 1.418 0.177 49  8
3.05E-06 1.453 0.156 50  8
3.10E-06 1.479 0.126 51  8
3.15E-06 1.489 0.089 52  8
3.20E-06 1.486 0.062 53  8
3.25E-06 1.479 0.042 54  8
3.30E-06 1.468 0.027 55  8
3.35E-06 1.457 0.020 56  8
3.40E-06 1.449 0.016 57  8
3.45E-06 1.443 0.012 58  8
3.50E-06 1.436 0.010 59  8
3.60E-06 1.427 0.007 60  8
3.70E-06 1.420 0.006 61  8
3.80E-06 1.414 0.006 62  8
3.90E-06 1.409 0.006 63  8
4.00E-06 1.405 0.007 64  8
4.10E-06 1.402 0.007 65  8
4.20E-06 1.400 0.008 66  8
4.30E-06 1.397 0.009 67  8
4.40E-06 1.394 0.010 68  8
4.50E-06 1.393 0.012 69  8
4.60E-06 1.392 0.013 70  8
4.70E-06 1.392 0.014 71  8
4.80E-06 1.392 0.013 72  8
4.90E-06 1.391 0.012 73  8
5.00E-06 1.389 0.012 74  8
5.10E-06 1.387 0.011 75  8
5.20E-06 1.384 0.010 76  8
5.30E-06 1.381 0.010 77  8
5.40E-06 1.376 0.010 78  8
5.50E-06 1.372 0.011 79  8
5.60E-06 1.366 0.013 80  8
5.70E-06 1.358 0.017 81  8
5.80E-06 1.349 0.025 82  8
5.90E-06 1.340 0.043 83  8
6.00E-06 1.351 0.072 84  8
6.10E-06 1.385 0.087 85  8
6.20E-06 1.413 0.060 86  8
6.30E-06 1.409 0.040 87  8
6.40E-06 1.403 0.032 88  8
6.50E-06 1.398 0.029 89  8
6.60E-06 1.394 0.026 90  8
6.70E-06 1.391 0.025 91  8
6.80E-06 1.388 0.024 92  8
6.90E-06 1.386 0.024 93  8
7.00E-06 1.384 0.024 94  8
7.10E-06 1.382 0.024 95  8
7.20E-06 1.381 0.024 96  8
7.30E-06 1.379 0.024 97  8
7.40E-06 1.377 0.024 98  8
7.50E-06 1.375 0.024 99  8
7.60E-06 1.374 0.024 100  8
7.70E-06 1.372 0.025 101  8
7.80E-06 1.371 0.025 102  8
7.90E-06 1.369 0.025 103  8
8.00E-06 1.367 0.025 104  8
8.20E-06 1.364 0.026 105  8
8.40E-06 1.361 0.027 106  8
8.60E-06 1.357 0.027 107  8
8.80E-06 1.353 0.028 108  8
9.00E-06 1.349 0.029 109  8
9.20E-06 1.344 0.030 110  8
9.40E-06 1.339 0.031 111  8
9.60E-06 1.334 0.032 112  8
9.80E-06 1.328 0.034 113  8
1.00E-05 1.321 0.036 114  8
1.05E-05 1.300 0.046 115  8
1.10E-05 1.279 0.065 116  8
1.15E-05 1.262 0.094 117  8
1.20E-05 1.253 0.130 118  8
1.25E-05 1.260 0.168 119  8
1.30E-05 1.275 0.197 120  8
1.35E-05 1.295 0.222 121  8
1.40E-05 1.316 0.239 122  8
1.45E-05 1.335 0.250 123  8
1.50E-05 1.354 0.259 124  8
1.55E-05 1.371 0.267 125  8
1.60E-05 1.389 0.272 126  8
1.65E-05 1.405 0.276 127  8
1.70E-05 1.421 0.276 128  8
1.75E-05 1.437 0.276 129  8
1.80E-05 1.451 0.274 130  8
1.85E-05 1.464 0.271 131  8
1.90E-05 1.475 0.267 132  8
1.95E-05 1.485 0.260 133  8
2.00E-05 1.487 0.253 134  8
2.10E-05 1.492 0.246 135  8
2.20E-05 1.500 0.241 136  8
2.30E-05 1.507 0.237 137  8
2.40E-05 1.513 0.233 138  8
2.50E-05 1.520 0.230 139  8
2.60E-05 1.525 0.226 140  8
2.70E-05 1.529 0.222 141  8
2.80E-05 1.531 0.218 142  8
2.90E-05 1.532 0.215 143  8
3.00E-05 1.532 0.212 144  8
3.20E-05 1.529 0.210 145  8
3.40E-05 1.523 0.213 146  8
3.60E-05 1.517 0.222 147  8
3.80E-05 1.514 0.233 148  8
4.00E-05 1.512 0.248 149  8
4.20E-05 1.514 0.264 150  8
4.40E-05 1.519 0.281 151  8
4.60E-05 1.526 0.297 152  8
4.80E-05 1.535 0.314 153  8
5.00E-05 1.555 0.330 154  8
6.00E-05 1.629 0.377 155  8
7.00E-05 1.704 0.370 156  8
8.00E-05 1.745 0.351 157  8
9.00E-05 1.769 0.344 158  8
2.00E-07 1.427 0.003  1  9
2.25E-07 1.411 0.003  2  9
2.50E-07 1.403 0.003  3  9
2.75E-07 1.397 0.003  4  9
3.00E-07 1.394 0.003  5  9
3.25E-07 1.392 0.003  6  9
3.50E-07 1.390 0.003  7  9
3.75E-07 1.388 0.003  8  9
4.00E-07 1.387 0.003  9  9
4.25E-07 1.386 0.003 10  9
4.50E-07 1.385 0.003 11  9
4.75E-07 1.385 0.003 12  9
5.00E-07 1.384 0.003 13  9
5.25E-07 1.383 0.003 14  9
5.50E-07 1.382 0.003 15  9
5.75E-07 1.382 0.003 16  9
6.00E-07 1.382 0.003 17  9
6.25E-07 1.382 0.003 18  9
6.50E-07 1.381 0.003 19  9
6.75E-07 1.381 0.003 20  9
7.00E-07 1.381 0.003 21  9
7.25E-07 1.380 0.003 22  9
7.50E-07 1.380 0.003 23  9
7.75E-07 1.380 0.003 24  9
8.00E-07 1.380 0.003 25  9
8.25E-07 1.380 0.003 26  9
8.50E-07 1.380 0.003 27  9
8.75E-07 1.379 0.003 28  9
9.00E-07 1.379 0.003 29  9
9.25E-07 1.379 0.003 30  9
9.50E-07 1.378 0.003 31  9
9.75E-07 1.378 0.003 32  9
1.00E-06 1.378 0.003 33  9
1.20E-06 1.376 0.003 34  9
1.40E-06 1.374 0.003 35  9
1.60E-06 1.371 0.003 36  9
1.80E-06 1.368 0.003 37  9
2.00E-06 1.363 0.004 38  9
2.20E-06 1.356 0.003 39  9
2.40E-06 1.344 0.004 40  9
2.60E-06 1.318 0.005 41  9
2.65E-06 1.302 0.008 42  9
2.70E-06 1.280 0.016 43  9
2.75E-06 1.259 0.044 44  9
2.80E-06 1.248 0.084 45  9
2.85E-06 1.253 0.133 46  9
2.90E-06 1.290 0.192 47  9
2.95E-06 1.354 0.213 48  9
3.00E-06 1.409 0.194 49  9
3.05E-06 1.448 0.172 50  9
3.10E-06 1.477 0.138 51  9
3.15E-06 1.488 0.098 52  9
3.20E-06 1.485 0.068 53  9
3.25E-06 1.477 0.046 54  9
3.30E-06 1.465 0.029 55  9
3.35E-06 1.452 0.021 56  9
3.40E-06 1.444 0.017 57  9
3.45E-06 1.437 0.012 58  9
3.50E-06 1.430 0.010 59  9
3.60E-06 1.419 0.007 60  9
3.70E-06 1.411 0.005 61  9
3.80E-06 1.404 0.005 62  9
3.90E-06 1.399 0.006 63  9
4.00E-06 1.395 0.006 64  9
4.10E-06 1.392 0.007 65  9
4.20E-06 1.389 0.008 66  9
4.30E-06 1.386 0.009 67  9
4.40E-06 1.383 0.010 68  9
4.50E-06 1.382 0.012 69  9
4.60E-06 1.380 0.013 70  9
4.70E-06 1.380 0.014 71  9
4.80E-06 1.380 0.014 72  9
4.90E-06 1.379 0.013 73  9
5.00E-06 1.377 0.012 74  9
5.10E-06 1.375 0.011 75  9
5.20E-06 1.371 0.010 76  9
5.30E-06 1.368 0.010 77  9
5.40E-06 1.363 0.010 78  9
5.50E-06 1.358 0.011 79  9
5.60E-06 1.352 0.013 80  9
5.70E-06 1.343 0.017 81  9
5.80E-06 1.333 0.026 82  9
5.90E-06 1.323 0.047 83  9
6.00E-06 1.335 0.078 84  9
6.10E-06 1.373 0.095 85  9
6.20E-06 1.404 0.065 86  9
6.30E-06 1.399 0.043 87  9
6.40E-06 1.392 0.035 88  9
6.50E-06 1.387 0.031 89  9
6.60E-06 1.383 0.028 90  9
6.70E-06 1.380 0.027 91  9
6.80E-06 1.376 0.026 92  9
6.90E-06 1.374 0.026 93  9
7.00E-06 1.371 0.025 94  9
7.10E-06 1.369 0.025 95  9
7.20E-06 1.368 0.026 96  9
7.30E-06 1.366 0.026 97  9
7.40E-06 1.364 0.026 98  9
7.50E-06 1.362 0.026 99  9
7.60E-06 1.361 0.026 100  9
7.70E-06 1.359 0.026 101  9
7.80E-06 1.357 0.027 102  9
7.90E-06 1.355 0.027 103  9
8.00E-06 1.353 0.027 104  9
8.20E-06 1.349 0.028 105  9
8.40E-06 1.346 0.028 106  9
8.60E-06 1.342 0.029 107  9
8.80E-06 1.337 0.030 108  9
9.00E-06 1.333 0.031 109  9
9.20E-06 1.328 0.032 110  9
9.40E-06 1.322 0.033 111  9
9.60E-06 1.316 0.035 112  9
9.80E-06 1.309 0.037 113  9
1.00E-05 1.302 0.039 114  9
1.05E-05 1.278 0.050 115  9
1.10E-05 1.256 0.071 116  9
1.15E-05 1.237 0.103 117  9
1.20E-05 1.226 0.143 118  9
1.25E-05 1.235 0.185 119  9
1.30E-05 1.251 0.218 120  9
1.35E-05 1.273 0.244 121  9
1.40E-05 1.296 0.263 122  9
1.45E-05 1.318 0.276 123  9
1.50E-05 1.338 0.286 124  9
1.55E-05 1.357 0.294 125  9
1.60E-05 1.377 0.300 126  9
1.65E-05 1.395 0.304 127  9
1.70E-05 1.413 0.305 128  9
1.75E-05 1.430 0.305 129  9
1.80E-05 1.446 0.303 130  9
1.85E-05 1.460 0.299 131  9
1.90E-05 1.473 0.294 132  9
1.95E-05 1.483 0.287 133  9
2.00E-05 1.486 0.280 134  9
2.10E-05 1.491 0.272 135  9
2.20E-05 1.500 0.265 136  9
2.30E-05 1.508 0.261 137  9
2.40E-05 1.515 0.257 138  9
2.50E-05 1.522 0.253 139  9
2.60E-05 1.527 0.249 140  9
2.70E-05 1.532 0.245 141  9
2.80E-05 1.534 0.241 142  9
2.90E-05 1.536 0.237 143  9
3.00E-05 1.536 0.234 144  9
3.20E-05 1.532 0.231 145  9
3.40E-05 1.525 0.234 146  9
3.60E-05 1.519 0.244 147  9
3.80E-05 1.515 0.257 148  9
4.00E-05 1.513 0.274 149  9
4.20E-05 1.515 0.291 150  9
4.40E-05 1.521 0.310 151  9
4.60E-05 1.529 0.328 152  9
4.80E-05 1.539 0.346 153  9
5.00E-05 1.561 0.365 154  9
6.00E-05 1.643 0.416 155  9
7.00E-05 1.726 0.408 156  9
8.00E-05 1.772 0.388 157  9
9.00E-05 1.798 0.380 158  9
2.00E-07 1.421 0.002  1 10
2.25E-07 1.404 0.002  2 10
2.50E-07 1.396 0.002  3 10
2.75E-07 1.390 0.002  4 10
3.00E-07 1.386 0.002  5 10
3.25E-07 1.384 0.002  6 10
3.50E-07 1.381 0.002  7 10
3.75E-07 1.380 0.002  8 10
4.00E-07 1.378 0.002  9 10
4.25E-07 1.378 0.002 10 10
4.50E-07 1.377 0.002 11 10
4.75E-07 1.376 0.002 12 10
5.00E-07 1.375 0.002 13 10
5.25E-07 1.375 0.002 14 10
5.50E-07 1.374 0.002 15 10
5.75E-07 1.374 0.002 16 10
6.00E-07 1.373 0.002 17 10
6.25E-07 1.373 0.002 18 10
6.50E-07 1.372 0.002 19 10
6.75E-07 1.372 0.002 20 10
7.00E-07 1.372 0.002 21 10
7.25E-07 1.372 0.002 22 10
7.50E-07 1.372 0.002 23 10
7.75E-07 1.372 0.002 24 10
8.00E-07 1.371 0.002 25 10
8.25E-07 1.371 0.002 26 10
8.50E-07 1.371 0.002 27 10
8.75E-07 1.370 0.002 28 10
9.00E-07 1.370 0.002 29 10
9.25E-07 1.370 0.002 30 10
9.50E-07 1.369 0.002 31 10
9.75E-07 1.369 0.002 32 10
1.00E-06 1.369 0.002 33 10
1.20E-06 1.367 0.002 34 10
1.40E-06 1.365 0.003 35 10
1.60E-06 1.362 0.003 36 10
1.80E-06 1.358 0.003 37 10
2.00E-06 1.353 0.003 38 10
2.20E-06 1.346 0.003 39 10
2.40E-06 1.333 0.003 40 10
2.60E-06 1.305 0.005 41 10
2.65E-06 1.288 0.008 42 10
2.70E-06 1.264 0.017 43 10
2.75E-06 1.241 0.047 44 10
2.80E-06 1.229 0.089 45 10
2.85E-06 1.235 0.142 46 10
2.90E-06 1.274 0.205 47 10
2.95E-06 1.343 0.228 48 10
3.00E-06 1.402 0.208 49 10
3.05E-06 1.444 0.184 50 10
3.10E-06 1.475 0.148 51 10
3.15E-06 1.487 0.104 52 10
3.20E-06 1.483 0.072 53 10
3.25E-06 1.475 0.049 54 10
3.30E-06 1.462 0.030 55 10
3.35E-06 1.449 0.022 56 10
3.40E-06 1.440 0.017 57 10
3.45E-06 1.432 0.012 58 10
3.50E-06 1.424 0.010 59 10
3.60E-06 1.413 0.006 60 10
3.70E-06 1.405 0.005 61 10
3.80E-06 1.397 0.005 62 10
3.90E-06 1.392 0.005 63 10
4.00E-06 1.387 0.006 64 10
4.10E-06 1.384 0.007 65 10
4.20E-06 1.381 0.008 66 10
4.30E-06 1.378 0.009 67 10
4.40E-06 1.375 0.010 68 10
4.50E-06 1.373 0.013 69 10
4.60E-06 1.372 0.014 70 10
4.70E-06 1.372 0.014 71 10
4.80E-06 1.372 0.014 72 10
4.90E-06 1.370 0.013 73 10
5.00E-06 1.368 0.012 74 10
5.10E-06 1.365 0.011 75 10
5.20E-06 1.362 0.010 76 10
5.30E-06 1.358 0.010 77 10
5.40E-06 1.353 0.010 78 10
5.50E-06 1.347 0.011 79 10
5.60E-06 1.341 0.013 80 10
5.70E-06 1.331 0.018 81 10
5.80E-06 1.320 0.027 82 10
5.90E-06 1.310 0.049 83 10
6.00E-06 1.322 0.083 84 10
6.10E-06 1.363 0.101 85 10
6.20E-06 1.396 0.069 86 10
6.30E-06 1.392 0.046 87 10
6.40E-06 1.384 0.036 88 10
6.50E-06 1.378 0.032 89 10
6.60E-06 1.375 0.029 90 10
6.70E-06 1.371 0.028 91 10
6.80E-06 1.367 0.027 92 10
6.90E-06 1.365 0.027 93 10
7.00E-06 1.362 0.027 94 10
7.10E-06 1.359 0.027 95 10
7.20E-06 1.358 0.027 96 10
7.30E-06 1.356 0.027 97 10
7.40E-06 1.354 0.027 98 10
7.50E-06 1.352 0.027 99 10
7.60E-06 1.350 0.027 100 10
7.70E-06 1.348 0.027 101 10
7.80E-06 1.347 0.028 102 10
7.90E-06 1.344 0.028 103 10
8.00E-06 1.342 0.028 104 10
8.20E-06 1.338 0.029 105 10
8.40E-06 1.334 0.030 106 10
8.60E-06 1.330 0.031 107 10
8.80E-06 1.325 0.032 108 10
9.00E-06 1.320 0.033 109 10
9.20E-06 1.315 0.034 110 10
9.40E-06 1.309 0.035 111 10
9.60E-06 1.303 0.037 112 10
9.80E-06 1.295 0.039 113 10
1.00E-05 1.287 0.041 114 10
1.05E-05 1.262 0.052 115 10
1.10E-05 1.238 0.076 116 10
1.15E-05 1.217 0.110 117 10
1.20E-05 1.206 0.153 118 10
1.25E-05 1.215 0.198 119 10
1.30E-05 1.232 0.233 120 10
1.35E-05 1.256 0.262 121 10
1.40E-05 1.281 0.282 122 10
1.45E-05 1.304 0.296 123 10
1.50E-05 1.326 0.306 124 10
1.55E-05 1.347 0.315 125 10
1.60E-05 1.368 0.321 126 10
1.65E-05 1.387 0.326 127 10
1.70E-05 1.406 0.327 128 10
1.75E-05 1.425 0.327 129 10
1.80E-05 1.442 0.324 130 10
1.85E-05 1.457 0.321 131 10
1.90E-05 1.471 0.315 132 10
1.95E-05 1.482 0.308 133 10
2.00E-05 1.485 0.299 134 10
2.10E-05 1.490 0.291 135 10
2.20E-05 1.500 0.284 136 10
2.30E-05 1.508 0.280 137 10
2.40E-05 1.516 0.275 138 10
2.50E-05 1.523 0.272 139 10
2.60E-05 1.529 0.267 140 10
2.70E-05 1.534 0.262 141 10
2.80E-05 1.537 0.258 142 10
2.90E-05 1.539 0.254 143 10
3.00E-05 1.539 0.250 144 10
3.20E-05 1.535 0.247 145 10
3.40E-05 1.527 0.251 146 10
3.60E-05 1.520 0.262 147 10
3.80E-05 1.517 0.275 148 10
4.00E-05 1.514 0.293 149 10
4.20E-05 1.517 0.312 150 10
4.40E-05 1.523 0.332 151 10
4.60E-05 1.531 0.352 152 10
4.80E-05 1.542 0.371 153 10
5.00E-05 1.566 0.391 154 10
6.00E-05 1.653 0.446 155 10
7.00E-05 1.743 0.438 156 10
8.00E-05 1.792 0.416 157 10
9.00E-05 1.820 0.408 158 10
2.00E-07 1.417 0.002  1 11
2.25E-07 1.399 0.002  2 11
2.50E-07 1.390 0.002  3 11
2.75E-07 1.384 0.002  4 11
3.00E-07 1.380 0.002  5 11
3.25E-07 1.377 0.002  6 11
3.50E-07 1.375 0.002  7 11
3.75E-07 1.373 0.002  8 11
4.00E-07 1.372 0.002  9 11
4.25E-07 1.371 0.002 10 11
4.50E-07 1.370 0.002 11 11
4.75E-07 1.369 0.002 12 11
5.00E-07 1.369 0.002 13 11
5.25E-07 1.368 0.002 14 11
5.50E-07 1.367 0.002 15 11
5.75E-07 1.367 0.002 16 11
6.00E-07 1.366 0.002 17 11
6.25E-07 1.366 0.002 18 11
6.50E-07 1.365 0.002 19 11
6.75E-07 1.365 0.002 20 11
7.00E-07 1.365 0.002 21 11
7.25E-07 1.365 0.002 22 11
7.50E-07 1.365 0.002 23 11
7.75E-07 1.365 0.002 24 11
8.00E-07 1.364 0.002 25 11
8.25E-07 1.364 0.002 26 11
8.50E-07 1.364 0.002 27 11
8.75E-07 1.363 0.002 28 11
9.00E-07 1.363 0.002 29 11
9.25E-07 1.363 0.002 30 11
9.50E-07 1.362 0.002 31 11
9.75E-07 1.362 0.002 32 11
1.00E-06 1.362 0.002 33 11
1.20E-06 1.360 0.002 34 11
1.40E-06 1.357 0.002 35 11
1.60E-06 1.354 0.002 36 11
1.80E-06 1.350 0.002 37 11
2.00E-06 1.345 0.003 38 11
2.20E-06 1.338 0.002 39 11
2.40E-06 1.324 0.003 40 11
2.60E-06 1.295 0.005 41 11
2.65E-06 1.276 0.007 42 11
2.70E-06 1.252 0.017 43 11
2.75E-06 1.227 0.049 44 11
2.80E-06 1.215 0.094 45 11
2.85E-06 1.220 0.149 46 11
2.90E-06 1.262 0.215 47 11
2.95E-06 1.334 0.239 48 11
3.00E-06 1.397 0.219 49 11
3.05E-06 1.441 0.193 50 11
3.10E-06 1.474 0.155 51 11
3.15E-06 1.486 0.110 52 11
3.20E-06 1.482 0.076 53 11
3.25E-06 1.474 0.051 54 11
3.30E-06 1.460 0.031 55 11
3.35E-06 1.446 0.023 56 11
3.40E-06 1.436 0.018 57 11
3.45E-06 1.428 0.013 58 11
3.50E-06 1.420 0.010 59 11
3.60E-06 1.408 0.006 60 11
3.70E-06 1.400 0.005 61 11
3.80E-06 1.392 0.005 62 11
3.90E-06 1.386 0.005 63 11
4.00E-06 1.381 0.006 64 11
4.10E-06 1.377 0.007 65 11
4.20E-06 1.374 0.008 66 11
4.30E-06 1.371 0.009 67 11
4.40E-06 1.368 0.010 68 11
4.50E-06 1.366 0.013 69 11
4.60E-06 1.365 0.014 70 11
4.70E-06 1.365 0.015 71 11
4.80E-06 1.365 0.014 72 11
4.90E-06 1.363 0.013 73 11
5.00E-06 1.361 0.012 74 11
5.10E-06 1.358 0.011 75 11
5.20E-06 1.354 0.010 76 11
5.30E-06 1.350 0.010 77 11
5.40E-06 1.345 0.010 78 11
5.50E-06 1.339 0.011 79 11
5.60E-06 1.332 0.013 80 11
5.70E-06 1.322 0.018 81 11
5.80E-06 1.310 0.028 82 11
5.90E-06 1.299 0.052 83 11
6.00E-06 1.313 0.087 84 11
6.10E-06 1.356 0.106 85 11
6.20E-06 1.391 0.072 86 11
6.30E-06 1.386 0.047 87 11
6.40E-06 1.378 0.038 88 11
6.50E-06 1.372 0.033 89 11
6.60E-06 1.368 0.030 90 11
6.70E-06 1.364 0.029 91 11
6.80E-06 1.360 0.028 92 11
6.90E-06 1.357 0.028 93 11
7.00E-06 1.354 0.028 94 11
7.10E-06 1.352 0.028 95 11
7.20E-06 1.350 0.028 96 11
7.30E-06 1.348 0.028 97 11
7.40E-06 1.346 0.028 98 11
7.50E-06 1.344 0.028 99 11
7.60E-06 1.342 0.028 100 11
7.70E-06 1.340 0.028 101 11
7.80E-06 1.338 0.029 102 11
7.90E-06 1.336 0.029 103 11
8.00E-06 1.334 0.029 104 11
8.20E-06 1.330 0.030 105 11
8.40E-06 1.326 0.031 106 11
8.60E-06 1.321 0.032 107 11
8.80E-06 1.316 0.033 108 11
9.00E-06 1.310 0.034 109 11
9.20E-06 1.305 0.035 110 11
9.40E-06 1.298 0.037 111 11
9.60E-06 1.292 0.038 112 11
9.80E-06 1.284 0.040 113 11
1.00E-05 1.275 0.042 114 11
1.05E-05 1.249 0.055 115 11
1.10E-05 1.224 0.079 116 11
1.15E-05 1.202 0.115 117 11
1.20E-05 1.190 0.161 118 11
1.25E-05 1.200 0.208 119 11
1.30E-05 1.218 0.245 120 11
1.35E-05 1.243 0.275 121 11
1.40E-05 1.269 0.297 122 11
1.45E-05 1.294 0.311 123 11
1.50E-05 1.317 0.322 124 11
1.55E-05 1.338 0.332 125 11
1.60E-05 1.361 0.338 126 11
1.65E-05 1.381 0.343 127 11
1.70E-05 1.401 0.344 128 11
1.75E-05 1.421 0.344 129 11
1.80E-05 1.439 0.341 130 11
1.85E-05 1.455 0.337 131 11
1.90E-05 1.469 0.332 132 11
1.95E-05 1.481 0.324 133 11
2.00E-05 1.484 0.315 134 11
2.10E-05 1.490 0.306 135 11
2.20E-05 1.500 0.299 136 11
2.30E-05 1.509 0.294 137 11
2.40E-05 1.517 0.290 138 11
2.50E-05 1.525 0.286 139 11
2.60E-05 1.531 0.281 140 11
2.70E-05 1.536 0.276 141 11
2.80E-05 1.539 0.271 142 11
2.90E-05 1.541 0.267 143 11
3.00E-05 1.541 0.263 144 11
3.20E-05 1.537 0.260 145 11
3.40E-05 1.529 0.264 146 11
3.60E-05 1.522 0.275 147 11
3.80E-05 1.518 0.290 148 11
4.00E-05 1.515 0.309 149 11
4.20E-05 1.518 0.328 150 11
4.40E-05 1.524 0.349 151 11
4.60E-05 1.533 0.370 152 11
4.80E-05 1.544 0.391 153 11
5.00E-05 1.569 0.411 154 11
6.00E-05 1.662 0.470 155 11
7.00E-05 1.756 0.461 156 11
8.00E-05 1.807 0.438 157 11
9.00E-05 1.838 0.429 158 11
2.00E-07 1.414 0.002  1 12
2.25E-07 1.395 0.002  2 12
2.50E-07 1.386 0.002  3 12
2.75E-07 1.379 0.002  4 12
3.00E-07 1.375 0.002  5 12
3.25E-07 1.372 0.002  6 12
3.50E-07 1.370 0.002  7 12
3.75E-07 1.368 0.002  8 12
4.00E-07 1.367 0.002  9 12
4.25E-07 1.366 0.002 10 12
4.50E-07 1.365 0.002 11 12
4.75E-07 1.364 0.002 12 12
5.00E-07 1.363 0.002 13 12
5.25E-07 1.362 0.002 14 12
5.50E-07 1.362 0.002 15 12
5.75E-07 1.362 0.002 16 12
6.00E-07 1.361 0.002 17 12
6.25E-07 1.361 0.002 18 12
6.50E-07 1.360 0.002 19 12
6.75E-07 1.360 0.002 20 12
7.00E-07 1.360 0.002 21 12
7.25E-07 1.359 0.002 22 12
7.50E-07 1.359 0.002 23 12
7.75E-07 1.359 0.002 24 12
8.00E-07 1.358 0.002 25 12
8.25E-07 1.358 0.002 26 12
8.50E-07 1.358 0.002 27 12
8.75E-07 1.357 0.002 28 12
9.00E-07 1.357 0.002 29 12
9.25E-07 1.357 0.002 30 12
9.50E-07 1.357 0.002 31 12
9.75E-07 1.357 0.002 32 12
1.00E-06 1.357 0.002 33 12
1.20E-06 1.354 0.002 34 12
1.40E-06 1.352 0.002 35 12
1.60E-06 1.348 0.002 36 12
1.80E-06 1.344 0.002 37 12
2.00E-06 1.339 0.003 38 12
2.20E-06 1.331 0.002 39 12
2.40E-06 1.317 0.003 40 12
2.60E-06 1.286 0.004 41 12
2.65E-06 1.267 0.007 42 12
2.70E-06 1.241 0.017 43 12
2.75E-06 1.216 0.051 44 12
2.80E-06 1.203 0.097 45 12
2.85E-06 1.209 0.155 46 12
2.90E-06 1.252 0.224 47 12
2.95E-06 1.328 0.249 48 12
3.00E-06 1.393 0.227 49 12
3.05E-06 1.439 0.201 50 12
3.10E-06 1.473 0.161 51 12
3.15E-06 1.486 0.114 52 12
3.20E-06 1.482 0.078 53 12
3.25E-06 1.473 0.052 54 12
3.30E-06 1.459 0.032 55 12
3.35E-06 1.444 0.023 56 12
3.40E-06 1.434 0.018 57 12
3.45E-06 1.425 0.013 58 12
3.50E-06 1.417 0.010 59 12
3.60E-06 1.405 0.006 60 12
3.70E-06 1.396 0.005 61 12
3.80E-06 1.387 0.005 62 12
3.90E-06 1.382 0.005 63 12
4.00E-06 1.377 0.006 64 12
4.10E-06 1.372 0.006 65 12
4.20E-06 1.369 0.007 66 12
4.30E-06 1.366 0.009 67 12
4.40E-06 1.362 0.010 68 12
4.50E-06 1.361 0.013 69 12
4.60E-06 1.359 0.014 70 12
4.70E-06 1.359 0.015 71 12
4.80E-06 1.359 0.014 72 12
4.90E-06 1.357 0.013 73 12
5.00E-06 1.355 0.012 74 12
5.10E-06 1.353 0.011 75 12
5.20E-06 1.348 0.010 76 12
5.30E-06 1.344 0.010 77 12
5.40E-06 1.338 0.010 78 12
5.50E-06 1.333 0.011 79 12
5.60E-06 1.325 0.013 80 12
5.70E-06 1.315 0.019 81 12
5.80E-06 1.303 0.029 82 12
5.90E-06 1.291 0.053 83 12
6.00E-06 1.305 0.090 84 12
6.10E-06 1.350 0.110 85 12
6.20E-06 1.386 0.075 86 12
6.30E-06 1.382 0.049 87 12
6.40E-06 1.373 0.039 88 12
6.50E-06 1.367 0.034 89 12
6.60E-06 1.362 0.031 90 12
6.70E-06 1.358 0.030 91 12
6.80E-06 1.354 0.029 92 12
6.90E-06 1.352 0.028 93 12
7.00E-06 1.348 0.028 94 12
7.10E-06 1.346 0.028 95 12
7.20E-06 1.344 0.028 96 12
7.30E-06 1.342 0.028 97 12
7.40E-06 1.340 0.029 98 12
7.50E-06 1.338 0.029 99 12
7.60E-06 1.336 0.029 100 12
7.70E-06 1.333 0.029 101 12
7.80E-06 1.332 0.029 102 12
7.90E-06 1.329 0.030 103 12
8.00E-06 1.327 0.030 104 12
8.20E-06 1.323 0.031 105 12
8.40E-06 1.319 0.032 106 12
8.60E-06 1.314 0.033 107 12
8.80E-06 1.309 0.034 108 12
9.00E-06 1.303 0.035 109 12
9.20E-06 1.297 0.036 110 12
9.40E-06 1.290 0.038 111 12
9.60E-06 1.284 0.039 112 12
9.80E-06 1.275 0.041 113 12
1.00E-05 1.266 0.044 114 12
1.05E-05 1.239 0.057 115 12
1.10E-05 1.212 0.082 116 12
1.15E-05 1.190 0.119 117 12
1.20E-05 1.178 0.167 118 12
1.25E-05 1.188 0.216 119 12
1.30E-05 1.207 0.254 120 12
1.35E-05 1.232 0.286 121 12
1.40E-05 1.260 0.308 122 12
1.45E-05 1.285 0.323 123 12
1.50E-05 1.309 0.335 124 12
1.55E-05 1.332 0.345 125 12
1.60E-05 1.355 0.351 126 12
1.65E-05 1.377 0.356 127 12
1.70E-05 1.397 0.357 128 12
1.75E-05 1.418 0.357 129 12
1.80E-05 1.436 0.355 130 12
1.85E-05 1.453 0.351 131 12
1.90E-05 1.468 0.345 132 12
1.95E-05 1.480 0.336 133 12
2.00E-05 1.483 0.327 134 12
2.10E-05 1.489 0.318 135 12
2.20E-05 1.500 0.311 136 12
2.30E-05 1.509 0.306 137 12
2.40E-05 1.517 0.301 138 12
2.50E-05 1.526 0.297 139 12
2.60E-05 1.532 0.292 140 12
2.70E-05 1.537 0.287 141 12
2.80E-05 1.541 0.282 142 12
2.90E-05 1.542 0.278 143 12
3.00E-05 1.542 0.273 144 12
3.20E-05 1.538 0.270 145 12
3.40E-05 1.530 0.274 146 12
3.60E-05 1.522 0.286 147 12
3.80E-05 1.518 0.301 148 12
4.00E-05 1.516 0.321 149 12
4.20E-05 1.518 0.341 150 12
4.40E-05 1.525 0.363 151 12
4.60E-05 1.534 0.384 152 12
4.80E-05 1.546 0.406 153 12
5.00E-05 1.572 0.428 154 12
6.00E-05 1.668 0.488 155 12
7.00E-05 1.766 0.479 156 12
8.00E-05 1.820 0.455 157 12
9.00E-05 1.851 0.446 158 12
