Refractive index for soot from OPAC, 1 RH value (reproduced times 12 for consistency with waso)
Wavelength(m)  Real Part  Imaginary Part  wl_index RH_index   
   0.250e-06 1.620000 4.500000e-01   1   1
   0.300e-06 1.740000 4.700000e-01   2   1
   0.350e-06 1.750000 4.650000e-01   3   1
   0.400e-06 1.750000 4.600000e-01   4   1
   0.450e-06 1.750000 4.550000e-01   5   1
   0.500e-06 1.750000 4.500000e-01   6   1
   0.550e-06 1.750000 4.400000e-01   7   1
   0.600e-06 1.750000 4.350000e-01   8   1
   0.650e-06 1.750000 4.350000e-01   9   1
   0.700e-06 1.750000 4.300000e-01  10   1
   0.750e-06 1.750000 4.300000e-01  11   1
   0.800e-06 1.750000 4.300000e-01  12   1
   0.900e-06 1.750000 4.350000e-01  13   1
   1.000e-06 1.760000 4.400000e-01  14   1
   1.250e-06 1.760000 4.500000e-01  15   1
   1.500e-06 1.770000 4.600000e-01  16   1
   1.750e-06 1.790000 4.800000e-01  17   1
   2.000e-06 1.800000 4.900000e-01  18   1
   2.500e-06 1.820000 5.100000e-01  19   1
   3.000e-06 1.840000 5.400000e-01  20   1
   3.200e-06 1.860000 5.400000e-01  21   1
   3.390e-06 1.870000 5.495000e-01  22   1
   3.500e-06 1.880000 5.600000e-01  23   1
   3.750e-06 1.900000 5.700000e-01  24   1
   4.000e-06 1.920000 5.800000e-01  25   1
   4.500e-06 1.940000 5.900000e-01  26   1
   5.000e-06 1.970000 6.000000e-01  27   1
   5.500e-06 1.990000 6.100000e-01  28   1
   6.000e-06 2.020000 6.200000e-01  29   1
   6.200e-06 2.030000 6.250000e-01  30   1
   6.500e-06 2.040000 6.300000e-01  31   1
   7.200e-06 2.060000 6.500000e-01  32   1
   7.900e-06 2.120000 6.700000e-01  33   1
   8.200e-06 2.130000 6.800000e-01  34   1
   8.500e-06 2.150000 6.900000e-01  35   1
   8.700e-06 2.160000 6.900000e-01  36   1
   9.000e-06 2.170000 7.000000e-01  37   1
   9.200e-06 2.180000 7.000000e-01  38   1
   9.500e-06 2.190000 7.100000e-01  39   1
   9.800e-06 2.200000 7.150000e-01  40   1
  10.000e-06 2.210000 7.200000e-01  41   1
  10.600e-06 2.220000 7.300000e-01  42   1
  11.000e-06 2.230000 7.300000e-01  43   1
  11.500e-06 2.240000 7.400000e-01  44   1
  12.500e-06 2.270000 7.500000e-01  45   1
  13.000e-06 2.280000 7.600000e-01  46   1
  14.000e-06 2.310000 7.750000e-01  47   1
  14.800e-06 2.330000 7.900000e-01  48   1
  15.000e-06 2.330000 7.900000e-01  49   1
  16.400e-06 2.360000 8.100000e-01  50   1
  17.200e-06 2.380000 8.200000e-01  51   1
  18.000e-06 2.400000 8.250000e-01  52   1
  18.500e-06 2.410000 8.300000e-01  53   1
  20.000e-06 2.450000 8.500000e-01  54   1
  21.300e-06 2.460000 8.600000e-01  55   1
  22.500e-06 2.480000 8.700000e-01  56   1
  25.000e-06 2.510000 8.900000e-01  57   1
  27.900e-06 2.540000 9.100000e-01  58   1
  30.000e-06 2.570000 9.300000e-01  59   1
  35.000e-06 2.630000 9.700000e-01  60   1
  40.000e-06 2.690000 1.000000e+00  61   1
   0.250e-06 1.620000 4.500000e-01   1   2
   0.300e-06 1.740000 4.700000e-01   2   2
   0.350e-06 1.750000 4.650000e-01   3   2
   0.400e-06 1.750000 4.600000e-01   4   2
   0.450e-06 1.750000 4.550000e-01   5   2
   0.500e-06 1.750000 4.500000e-01   6   2
   0.550e-06 1.750000 4.400000e-01   7   2
   0.600e-06 1.750000 4.350000e-01   8   2
   0.650e-06 1.750000 4.350000e-01   9   2
   0.700e-06 1.750000 4.300000e-01  10   2
   0.750e-06 1.750000 4.300000e-01  11   2
   0.800e-06 1.750000 4.300000e-01  12   2
   0.900e-06 1.750000 4.350000e-01  13   2
   1.000e-06 1.760000 4.400000e-01  14   2
   1.250e-06 1.760000 4.500000e-01  15   2
   1.500e-06 1.770000 4.600000e-01  16   2
   1.750e-06 1.790000 4.800000e-01  17   2
   2.000e-06 1.800000 4.900000e-01  18   2
   2.500e-06 1.820000 5.100000e-01  19   2
   3.000e-06 1.840000 5.400000e-01  20   2
   3.200e-06 1.860000 5.400000e-01  21   2
   3.390e-06 1.870000 5.495000e-01  22   2
   3.500e-06 1.880000 5.600000e-01  23   2
   3.750e-06 1.900000 5.700000e-01  24   2
   4.000e-06 1.920000 5.800000e-01  25   2
   4.500e-06 1.940000 5.900000e-01  26   2
   5.000e-06 1.970000 6.000000e-01  27   2
   5.500e-06 1.990000 6.100000e-01  28   2
   6.000e-06 2.020000 6.200000e-01  29   2
   6.200e-06 2.030000 6.250000e-01  30   2
   6.500e-06 2.040000 6.300000e-01  31   2
   7.200e-06 2.060000 6.500000e-01  32   2
   7.900e-06 2.120000 6.700000e-01  33   2
   8.200e-06 2.130000 6.800000e-01  34   2
   8.500e-06 2.150000 6.900000e-01  35   2
   8.700e-06 2.160000 6.900000e-01  36   2
   9.000e-06 2.170000 7.000000e-01  37   2
   9.200e-06 2.180000 7.000000e-01  38   2
   9.500e-06 2.190000 7.100000e-01  39   2
   9.800e-06 2.200000 7.150000e-01  40   2
  10.000e-06 2.210000 7.200000e-01  41   2
  10.600e-06 2.220000 7.300000e-01  42   2
  11.000e-06 2.230000 7.300000e-01  43   2
  11.500e-06 2.240000 7.400000e-01  44   2
  12.500e-06 2.270000 7.500000e-01  45   2
  13.000e-06 2.280000 7.600000e-01  46   2
  14.000e-06 2.310000 7.750000e-01  47   2
  14.800e-06 2.330000 7.900000e-01  48   2
  15.000e-06 2.330000 7.900000e-01  49   2
  16.400e-06 2.360000 8.100000e-01  50   2
  17.200e-06 2.380000 8.200000e-01  51   2
  18.000e-06 2.400000 8.250000e-01  52   2
  18.500e-06 2.410000 8.300000e-01  53   2
  20.000e-06 2.450000 8.500000e-01  54   2
  21.300e-06 2.460000 8.600000e-01  55   2
  22.500e-06 2.480000 8.700000e-01  56   2
  25.000e-06 2.510000 8.900000e-01  57   2
  27.900e-06 2.540000 9.100000e-01  58   2
  30.000e-06 2.570000 9.300000e-01  59   2
  35.000e-06 2.630000 9.700000e-01  60   2
  40.000e-06 2.690000 1.000000e+00  61   2
   0.250e-06 1.620000 4.500000e-01   1   3
   0.300e-06 1.740000 4.700000e-01   2   3
   0.350e-06 1.750000 4.650000e-01   3   3
   0.400e-06 1.750000 4.600000e-01   4   3
   0.450e-06 1.750000 4.550000e-01   5   3
   0.500e-06 1.750000 4.500000e-01   6   3
   0.550e-06 1.750000 4.400000e-01   7   3
   0.600e-06 1.750000 4.350000e-01   8   3
   0.650e-06 1.750000 4.350000e-01   9   3
   0.700e-06 1.750000 4.300000e-01  10   3
   0.750e-06 1.750000 4.300000e-01  11   3
   0.800e-06 1.750000 4.300000e-01  12   3
   0.900e-06 1.750000 4.350000e-01  13   3
   1.000e-06 1.760000 4.400000e-01  14   3
   1.250e-06 1.760000 4.500000e-01  15   3
   1.500e-06 1.770000 4.600000e-01  16   3
   1.750e-06 1.790000 4.800000e-01  17   3
   2.000e-06 1.800000 4.900000e-01  18   3
   2.500e-06 1.820000 5.100000e-01  19   3
   3.000e-06 1.840000 5.400000e-01  20   3
   3.200e-06 1.860000 5.400000e-01  21   3
   3.390e-06 1.870000 5.495000e-01  22   3
   3.500e-06 1.880000 5.600000e-01  23   3
   3.750e-06 1.900000 5.700000e-01  24   3
   4.000e-06 1.920000 5.800000e-01  25   3
   4.500e-06 1.940000 5.900000e-01  26   3
   5.000e-06 1.970000 6.000000e-01  27   3
   5.500e-06 1.990000 6.100000e-01  28   3
   6.000e-06 2.020000 6.200000e-01  29   3
   6.200e-06 2.030000 6.250000e-01  30   3
   6.500e-06 2.040000 6.300000e-01  31   3
   7.200e-06 2.060000 6.500000e-01  32   3
   7.900e-06 2.120000 6.700000e-01  33   3
   8.200e-06 2.130000 6.800000e-01  34   3
   8.500e-06 2.150000 6.900000e-01  35   3
   8.700e-06 2.160000 6.900000e-01  36   3
   9.000e-06 2.170000 7.000000e-01  37   3
   9.200e-06 2.180000 7.000000e-01  38   3
   9.500e-06 2.190000 7.100000e-01  39   3
   9.800e-06 2.200000 7.150000e-01  40   3
  10.000e-06 2.210000 7.200000e-01  41   3
  10.600e-06 2.220000 7.300000e-01  42   3
  11.000e-06 2.230000 7.300000e-01  43   3
  11.500e-06 2.240000 7.400000e-01  44   3
  12.500e-06 2.270000 7.500000e-01  45   3
  13.000e-06 2.280000 7.600000e-01  46   3
  14.000e-06 2.310000 7.750000e-01  47   3
  14.800e-06 2.330000 7.900000e-01  48   3
  15.000e-06 2.330000 7.900000e-01  49   3
  16.400e-06 2.360000 8.100000e-01  50   3
  17.200e-06 2.380000 8.200000e-01  51   3
  18.000e-06 2.400000 8.250000e-01  52   3
  18.500e-06 2.410000 8.300000e-01  53   3
  20.000e-06 2.450000 8.500000e-01  54   3
  21.300e-06 2.460000 8.600000e-01  55   3
  22.500e-06 2.480000 8.700000e-01  56   3
  25.000e-06 2.510000 8.900000e-01  57   3
  27.900e-06 2.540000 9.100000e-01  58   3
  30.000e-06 2.570000 9.300000e-01  59   3
  35.000e-06 2.630000 9.700000e-01  60   3
  40.000e-06 2.690000 1.000000e+00  61   3
   0.250e-06 1.620000 4.500000e-01   1   4
   0.300e-06 1.740000 4.700000e-01   2   4
   0.350e-06 1.750000 4.650000e-01   3   4
   0.400e-06 1.750000 4.600000e-01   4   4
   0.450e-06 1.750000 4.550000e-01   5   4
   0.500e-06 1.750000 4.500000e-01   6   4
   0.550e-06 1.750000 4.400000e-01   7   4
   0.600e-06 1.750000 4.350000e-01   8   4
   0.650e-06 1.750000 4.350000e-01   9   4
   0.700e-06 1.750000 4.300000e-01  10   4
   0.750e-06 1.750000 4.300000e-01  11   4
   0.800e-06 1.750000 4.300000e-01  12   4
   0.900e-06 1.750000 4.350000e-01  13   4
   1.000e-06 1.760000 4.400000e-01  14   4
   1.250e-06 1.760000 4.500000e-01  15   4
   1.500e-06 1.770000 4.600000e-01  16   4
   1.750e-06 1.790000 4.800000e-01  17   4
   2.000e-06 1.800000 4.900000e-01  18   4
   2.500e-06 1.820000 5.100000e-01  19   4
   3.000e-06 1.840000 5.400000e-01  20   4
   3.200e-06 1.860000 5.400000e-01  21   4
   3.390e-06 1.870000 5.495000e-01  22   4
   3.500e-06 1.880000 5.600000e-01  23   4
   3.750e-06 1.900000 5.700000e-01  24   4
   4.000e-06 1.920000 5.800000e-01  25   4
   4.500e-06 1.940000 5.900000e-01  26   4
   5.000e-06 1.970000 6.000000e-01  27   4
   5.500e-06 1.990000 6.100000e-01  28   4
   6.000e-06 2.020000 6.200000e-01  29   4
   6.200e-06 2.030000 6.250000e-01  30   4
   6.500e-06 2.040000 6.300000e-01  31   4
   7.200e-06 2.060000 6.500000e-01  32   4
   7.900e-06 2.120000 6.700000e-01  33   4
   8.200e-06 2.130000 6.800000e-01  34   4
   8.500e-06 2.150000 6.900000e-01  35   4
   8.700e-06 2.160000 6.900000e-01  36   4
   9.000e-06 2.170000 7.000000e-01  37   4
   9.200e-06 2.180000 7.000000e-01  38   4
   9.500e-06 2.190000 7.100000e-01  39   4
   9.800e-06 2.200000 7.150000e-01  40   4
  10.000e-06 2.210000 7.200000e-01  41   4
  10.600e-06 2.220000 7.300000e-01  42   4
  11.000e-06 2.230000 7.300000e-01  43   4
  11.500e-06 2.240000 7.400000e-01  44   4
  12.500e-06 2.270000 7.500000e-01  45   4
  13.000e-06 2.280000 7.600000e-01  46   4
  14.000e-06 2.310000 7.750000e-01  47   4
  14.800e-06 2.330000 7.900000e-01  48   4
  15.000e-06 2.330000 7.900000e-01  49   4
  16.400e-06 2.360000 8.100000e-01  50   4
  17.200e-06 2.380000 8.200000e-01  51   4
  18.000e-06 2.400000 8.250000e-01  52   4
  18.500e-06 2.410000 8.300000e-01  53   4
  20.000e-06 2.450000 8.500000e-01  54   4
  21.300e-06 2.460000 8.600000e-01  55   4
  22.500e-06 2.480000 8.700000e-01  56   4
  25.000e-06 2.510000 8.900000e-01  57   4
  27.900e-06 2.540000 9.100000e-01  58   4
  30.000e-06 2.570000 9.300000e-01  59   4
  35.000e-06 2.630000 9.700000e-01  60   4
  40.000e-06 2.690000 1.000000e+00  61   4
   0.250e-06 1.620000 4.500000e-01   1   5
   0.300e-06 1.740000 4.700000e-01   2   5
   0.350e-06 1.750000 4.650000e-01   3   5
   0.400e-06 1.750000 4.600000e-01   4   5
   0.450e-06 1.750000 4.550000e-01   5   5
   0.500e-06 1.750000 4.500000e-01   6   5
   0.550e-06 1.750000 4.400000e-01   7   5
   0.600e-06 1.750000 4.350000e-01   8   5
   0.650e-06 1.750000 4.350000e-01   9   5
   0.700e-06 1.750000 4.300000e-01  10   5
   0.750e-06 1.750000 4.300000e-01  11   5
   0.800e-06 1.750000 4.300000e-01  12   5
   0.900e-06 1.750000 4.350000e-01  13   5
   1.000e-06 1.760000 4.400000e-01  14   5
   1.250e-06 1.760000 4.500000e-01  15   5
   1.500e-06 1.770000 4.600000e-01  16   5
   1.750e-06 1.790000 4.800000e-01  17   5
   2.000e-06 1.800000 4.900000e-01  18   5
   2.500e-06 1.820000 5.100000e-01  19   5
   3.000e-06 1.840000 5.400000e-01  20   5
   3.200e-06 1.860000 5.400000e-01  21   5
   3.390e-06 1.870000 5.495000e-01  22   5
   3.500e-06 1.880000 5.600000e-01  23   5
   3.750e-06 1.900000 5.700000e-01  24   5
   4.000e-06 1.920000 5.800000e-01  25   5
   4.500e-06 1.940000 5.900000e-01  26   5
   5.000e-06 1.970000 6.000000e-01  27   5
   5.500e-06 1.990000 6.100000e-01  28   5
   6.000e-06 2.020000 6.200000e-01  29   5
   6.200e-06 2.030000 6.250000e-01  30   5
   6.500e-06 2.040000 6.300000e-01  31   5
   7.200e-06 2.060000 6.500000e-01  32   5
   7.900e-06 2.120000 6.700000e-01  33   5
   8.200e-06 2.130000 6.800000e-01  34   5
   8.500e-06 2.150000 6.900000e-01  35   5
   8.700e-06 2.160000 6.900000e-01  36   5
   9.000e-06 2.170000 7.000000e-01  37   5
   9.200e-06 2.180000 7.000000e-01  38   5
   9.500e-06 2.190000 7.100000e-01  39   5
   9.800e-06 2.200000 7.150000e-01  40   5
  10.000e-06 2.210000 7.200000e-01  41   5
  10.600e-06 2.220000 7.300000e-01  42   5
  11.000e-06 2.230000 7.300000e-01  43   5
  11.500e-06 2.240000 7.400000e-01  44   5
  12.500e-06 2.270000 7.500000e-01  45   5
  13.000e-06 2.280000 7.600000e-01  46   5
  14.000e-06 2.310000 7.750000e-01  47   5
  14.800e-06 2.330000 7.900000e-01  48   5
  15.000e-06 2.330000 7.900000e-01  49   5
  16.400e-06 2.360000 8.100000e-01  50   5
  17.200e-06 2.380000 8.200000e-01  51   5
  18.000e-06 2.400000 8.250000e-01  52   5
  18.500e-06 2.410000 8.300000e-01  53   5
  20.000e-06 2.450000 8.500000e-01  54   5
  21.300e-06 2.460000 8.600000e-01  55   5
  22.500e-06 2.480000 8.700000e-01  56   5
  25.000e-06 2.510000 8.900000e-01  57   5
  27.900e-06 2.540000 9.100000e-01  58   5
  30.000e-06 2.570000 9.300000e-01  59   5
  35.000e-06 2.630000 9.700000e-01  60   5
  40.000e-06 2.690000 1.000000e+00  61   5
   0.250e-06 1.620000 4.500000e-01   1   6
   0.300e-06 1.740000 4.700000e-01   2   6
   0.350e-06 1.750000 4.650000e-01   3   6
   0.400e-06 1.750000 4.600000e-01   4   6
   0.450e-06 1.750000 4.550000e-01   5   6
   0.500e-06 1.750000 4.500000e-01   6   6
   0.550e-06 1.750000 4.400000e-01   7   6
   0.600e-06 1.750000 4.350000e-01   8   6
   0.650e-06 1.750000 4.350000e-01   9   6
   0.700e-06 1.750000 4.300000e-01  10   6
   0.750e-06 1.750000 4.300000e-01  11   6
   0.800e-06 1.750000 4.300000e-01  12   6
   0.900e-06 1.750000 4.350000e-01  13   6
   1.000e-06 1.760000 4.400000e-01  14   6
   1.250e-06 1.760000 4.500000e-01  15   6
   1.500e-06 1.770000 4.600000e-01  16   6
   1.750e-06 1.790000 4.800000e-01  17   6
   2.000e-06 1.800000 4.900000e-01  18   6
   2.500e-06 1.820000 5.100000e-01  19   6
   3.000e-06 1.840000 5.400000e-01  20   6
   3.200e-06 1.860000 5.400000e-01  21   6
   3.390e-06 1.870000 5.495000e-01  22   6
   3.500e-06 1.880000 5.600000e-01  23   6
   3.750e-06 1.900000 5.700000e-01  24   6
   4.000e-06 1.920000 5.800000e-01  25   6
   4.500e-06 1.940000 5.900000e-01  26   6
   5.000e-06 1.970000 6.000000e-01  27   6
   5.500e-06 1.990000 6.100000e-01  28   6
   6.000e-06 2.020000 6.200000e-01  29   6
   6.200e-06 2.030000 6.250000e-01  30   6
   6.500e-06 2.040000 6.300000e-01  31   6
   7.200e-06 2.060000 6.500000e-01  32   6
   7.900e-06 2.120000 6.700000e-01  33   6
   8.200e-06 2.130000 6.800000e-01  34   6
   8.500e-06 2.150000 6.900000e-01  35   6
   8.700e-06 2.160000 6.900000e-01  36   6
   9.000e-06 2.170000 7.000000e-01  37   6
   9.200e-06 2.180000 7.000000e-01  38   6
   9.500e-06 2.190000 7.100000e-01  39   6
   9.800e-06 2.200000 7.150000e-01  40   6
  10.000e-06 2.210000 7.200000e-01  41   6
  10.600e-06 2.220000 7.300000e-01  42   6
  11.000e-06 2.230000 7.300000e-01  43   6
  11.500e-06 2.240000 7.400000e-01  44   6
  12.500e-06 2.270000 7.500000e-01  45   6
  13.000e-06 2.280000 7.600000e-01  46   6
  14.000e-06 2.310000 7.750000e-01  47   6
  14.800e-06 2.330000 7.900000e-01  48   6
  15.000e-06 2.330000 7.900000e-01  49   6
  16.400e-06 2.360000 8.100000e-01  50   6
  17.200e-06 2.380000 8.200000e-01  51   6
  18.000e-06 2.400000 8.250000e-01  52   6
  18.500e-06 2.410000 8.300000e-01  53   6
  20.000e-06 2.450000 8.500000e-01  54   6
  21.300e-06 2.460000 8.600000e-01  55   6
  22.500e-06 2.480000 8.700000e-01  56   6
  25.000e-06 2.510000 8.900000e-01  57   6
  27.900e-06 2.540000 9.100000e-01  58   6
  30.000e-06 2.570000 9.300000e-01  59   6
  35.000e-06 2.630000 9.700000e-01  60   6
  40.000e-06 2.690000 1.000000e+00  61   6
   0.250e-06 1.620000 4.500000e-01   1   7
   0.300e-06 1.740000 4.700000e-01   2   7
   0.350e-06 1.750000 4.650000e-01   3   7
   0.400e-06 1.750000 4.600000e-01   4   7
   0.450e-06 1.750000 4.550000e-01   5   7
   0.500e-06 1.750000 4.500000e-01   6   7
   0.550e-06 1.750000 4.400000e-01   7   7
   0.600e-06 1.750000 4.350000e-01   8   7
   0.650e-06 1.750000 4.350000e-01   9   7
   0.700e-06 1.750000 4.300000e-01  10   7
   0.750e-06 1.750000 4.300000e-01  11   7
   0.800e-06 1.750000 4.300000e-01  12   7
   0.900e-06 1.750000 4.350000e-01  13   7
   1.000e-06 1.760000 4.400000e-01  14   7
   1.250e-06 1.760000 4.500000e-01  15   7
   1.500e-06 1.770000 4.600000e-01  16   7
   1.750e-06 1.790000 4.800000e-01  17   7
   2.000e-06 1.800000 4.900000e-01  18   7
   2.500e-06 1.820000 5.100000e-01  19   7
   3.000e-06 1.840000 5.400000e-01  20   7
   3.200e-06 1.860000 5.400000e-01  21   7
   3.390e-06 1.870000 5.495000e-01  22   7
   3.500e-06 1.880000 5.600000e-01  23   7
   3.750e-06 1.900000 5.700000e-01  24   7
   4.000e-06 1.920000 5.800000e-01  25   7
   4.500e-06 1.940000 5.900000e-01  26   7
   5.000e-06 1.970000 6.000000e-01  27   7
   5.500e-06 1.990000 6.100000e-01  28   7
   6.000e-06 2.020000 6.200000e-01  29   7
   6.200e-06 2.030000 6.250000e-01  30   7
   6.500e-06 2.040000 6.300000e-01  31   7
   7.200e-06 2.060000 6.500000e-01  32   7
   7.900e-06 2.120000 6.700000e-01  33   7
   8.200e-06 2.130000 6.800000e-01  34   7
   8.500e-06 2.150000 6.900000e-01  35   7
   8.700e-06 2.160000 6.900000e-01  36   7
   9.000e-06 2.170000 7.000000e-01  37   7
   9.200e-06 2.180000 7.000000e-01  38   7
   9.500e-06 2.190000 7.100000e-01  39   7
   9.800e-06 2.200000 7.150000e-01  40   7
  10.000e-06 2.210000 7.200000e-01  41   7
  10.600e-06 2.220000 7.300000e-01  42   7
  11.000e-06 2.230000 7.300000e-01  43   7
  11.500e-06 2.240000 7.400000e-01  44   7
  12.500e-06 2.270000 7.500000e-01  45   7
  13.000e-06 2.280000 7.600000e-01  46   7
  14.000e-06 2.310000 7.750000e-01  47   7
  14.800e-06 2.330000 7.900000e-01  48   7
  15.000e-06 2.330000 7.900000e-01  49   7
  16.400e-06 2.360000 8.100000e-01  50   7
  17.200e-06 2.380000 8.200000e-01  51   7
  18.000e-06 2.400000 8.250000e-01  52   7
  18.500e-06 2.410000 8.300000e-01  53   7
  20.000e-06 2.450000 8.500000e-01  54   7
  21.300e-06 2.460000 8.600000e-01  55   7
  22.500e-06 2.480000 8.700000e-01  56   7
  25.000e-06 2.510000 8.900000e-01  57   7
  27.900e-06 2.540000 9.100000e-01  58   7
  30.000e-06 2.570000 9.300000e-01  59   7
  35.000e-06 2.630000 9.700000e-01  60   7
  40.000e-06 2.690000 1.000000e+00  61   7
   0.250e-06 1.620000 4.500000e-01   1   8
   0.300e-06 1.740000 4.700000e-01   2   8
   0.350e-06 1.750000 4.650000e-01   3   8
   0.400e-06 1.750000 4.600000e-01   4   8
   0.450e-06 1.750000 4.550000e-01   5   8
   0.500e-06 1.750000 4.500000e-01   6   8
   0.550e-06 1.750000 4.400000e-01   7   8
   0.600e-06 1.750000 4.350000e-01   8   8
   0.650e-06 1.750000 4.350000e-01   9   8
   0.700e-06 1.750000 4.300000e-01  10   8
   0.750e-06 1.750000 4.300000e-01  11   8
   0.800e-06 1.750000 4.300000e-01  12   8
   0.900e-06 1.750000 4.350000e-01  13   8
   1.000e-06 1.760000 4.400000e-01  14   8
   1.250e-06 1.760000 4.500000e-01  15   8
   1.500e-06 1.770000 4.600000e-01  16   8
   1.750e-06 1.790000 4.800000e-01  17   8
   2.000e-06 1.800000 4.900000e-01  18   8
   2.500e-06 1.820000 5.100000e-01  19   8
   3.000e-06 1.840000 5.400000e-01  20   8
   3.200e-06 1.860000 5.400000e-01  21   8
   3.390e-06 1.870000 5.495000e-01  22   8
   3.500e-06 1.880000 5.600000e-01  23   8
   3.750e-06 1.900000 5.700000e-01  24   8
   4.000e-06 1.920000 5.800000e-01  25   8
   4.500e-06 1.940000 5.900000e-01  26   8
   5.000e-06 1.970000 6.000000e-01  27   8
   5.500e-06 1.990000 6.100000e-01  28   8
   6.000e-06 2.020000 6.200000e-01  29   8
   6.200e-06 2.030000 6.250000e-01  30   8
   6.500e-06 2.040000 6.300000e-01  31   8
   7.200e-06 2.060000 6.500000e-01  32   8
   7.900e-06 2.120000 6.700000e-01  33   8
   8.200e-06 2.130000 6.800000e-01  34   8
   8.500e-06 2.150000 6.900000e-01  35   8
   8.700e-06 2.160000 6.900000e-01  36   8
   9.000e-06 2.170000 7.000000e-01  37   8
   9.200e-06 2.180000 7.000000e-01  38   8
   9.500e-06 2.190000 7.100000e-01  39   8
   9.800e-06 2.200000 7.150000e-01  40   8
  10.000e-06 2.210000 7.200000e-01  41   8
  10.600e-06 2.220000 7.300000e-01  42   8
  11.000e-06 2.230000 7.300000e-01  43   8
  11.500e-06 2.240000 7.400000e-01  44   8
  12.500e-06 2.270000 7.500000e-01  45   8
  13.000e-06 2.280000 7.600000e-01  46   8
  14.000e-06 2.310000 7.750000e-01  47   8
  14.800e-06 2.330000 7.900000e-01  48   8
  15.000e-06 2.330000 7.900000e-01  49   8
  16.400e-06 2.360000 8.100000e-01  50   8
  17.200e-06 2.380000 8.200000e-01  51   8
  18.000e-06 2.400000 8.250000e-01  52   8
  18.500e-06 2.410000 8.300000e-01  53   8
  20.000e-06 2.450000 8.500000e-01  54   8
  21.300e-06 2.460000 8.600000e-01  55   8
  22.500e-06 2.480000 8.700000e-01  56   8
  25.000e-06 2.510000 8.900000e-01  57   8
  27.900e-06 2.540000 9.100000e-01  58   8
  30.000e-06 2.570000 9.300000e-01  59   8
  35.000e-06 2.630000 9.700000e-01  60   8
  40.000e-06 2.690000 1.000000e+00  61   8
   0.250e-06 1.620000 4.500000e-01   1   9
   0.300e-06 1.740000 4.700000e-01   2   9
   0.350e-06 1.750000 4.650000e-01   3   9
   0.400e-06 1.750000 4.600000e-01   4   9
   0.450e-06 1.750000 4.550000e-01   5   9
   0.500e-06 1.750000 4.500000e-01   6   9
   0.550e-06 1.750000 4.400000e-01   7   9
   0.600e-06 1.750000 4.350000e-01   8   9
   0.650e-06 1.750000 4.350000e-01   9   9
   0.700e-06 1.750000 4.300000e-01  10   9
   0.750e-06 1.750000 4.300000e-01  11   9
   0.800e-06 1.750000 4.300000e-01  12   9
   0.900e-06 1.750000 4.350000e-01  13   9
   1.000e-06 1.760000 4.400000e-01  14   9
   1.250e-06 1.760000 4.500000e-01  15   9
   1.500e-06 1.770000 4.600000e-01  16   9
   1.750e-06 1.790000 4.800000e-01  17   9
   2.000e-06 1.800000 4.900000e-01  18   9
   2.500e-06 1.820000 5.100000e-01  19   9
   3.000e-06 1.840000 5.400000e-01  20   9
   3.200e-06 1.860000 5.400000e-01  21   9
   3.390e-06 1.870000 5.495000e-01  22   9
   3.500e-06 1.880000 5.600000e-01  23   9
   3.750e-06 1.900000 5.700000e-01  24   9
   4.000e-06 1.920000 5.800000e-01  25   9
   4.500e-06 1.940000 5.900000e-01  26   9
   5.000e-06 1.970000 6.000000e-01  27   9
   5.500e-06 1.990000 6.100000e-01  28   9
   6.000e-06 2.020000 6.200000e-01  29   9
   6.200e-06 2.030000 6.250000e-01  30   9
   6.500e-06 2.040000 6.300000e-01  31   9
   7.200e-06 2.060000 6.500000e-01  32   9
   7.900e-06 2.120000 6.700000e-01  33   9
   8.200e-06 2.130000 6.800000e-01  34   9
   8.500e-06 2.150000 6.900000e-01  35   9
   8.700e-06 2.160000 6.900000e-01  36   9
   9.000e-06 2.170000 7.000000e-01  37   9
   9.200e-06 2.180000 7.000000e-01  38   9
   9.500e-06 2.190000 7.100000e-01  39   9
   9.800e-06 2.200000 7.150000e-01  40   9
  10.000e-06 2.210000 7.200000e-01  41   9
  10.600e-06 2.220000 7.300000e-01  42   9
  11.000e-06 2.230000 7.300000e-01  43   9
  11.500e-06 2.240000 7.400000e-01  44   9
  12.500e-06 2.270000 7.500000e-01  45   9
  13.000e-06 2.280000 7.600000e-01  46   9
  14.000e-06 2.310000 7.750000e-01  47   9
  14.800e-06 2.330000 7.900000e-01  48   9
  15.000e-06 2.330000 7.900000e-01  49   9
  16.400e-06 2.360000 8.100000e-01  50   9
  17.200e-06 2.380000 8.200000e-01  51   9
  18.000e-06 2.400000 8.250000e-01  52   9
  18.500e-06 2.410000 8.300000e-01  53   9
  20.000e-06 2.450000 8.500000e-01  54   9
  21.300e-06 2.460000 8.600000e-01  55   9
  22.500e-06 2.480000 8.700000e-01  56   9
  25.000e-06 2.510000 8.900000e-01  57   9
  27.900e-06 2.540000 9.100000e-01  58   9
  30.000e-06 2.570000 9.300000e-01  59   9
  35.000e-06 2.630000 9.700000e-01  60   9
  40.000e-06 2.690000 1.000000e+00  61   9
   0.250e-06 1.620000 4.500000e-01   1  10
   0.300e-06 1.740000 4.700000e-01   2  10
   0.350e-06 1.750000 4.650000e-01   3  10
   0.400e-06 1.750000 4.600000e-01   4  10
   0.450e-06 1.750000 4.550000e-01   5  10
   0.500e-06 1.750000 4.500000e-01   6  10
   0.550e-06 1.750000 4.400000e-01   7  10
   0.600e-06 1.750000 4.350000e-01   8  10
   0.650e-06 1.750000 4.350000e-01   9  10
   0.700e-06 1.750000 4.300000e-01  10  10
   0.750e-06 1.750000 4.300000e-01  11  10
   0.800e-06 1.750000 4.300000e-01  12  10
   0.900e-06 1.750000 4.350000e-01  13  10
   1.000e-06 1.760000 4.400000e-01  14  10
   1.250e-06 1.760000 4.500000e-01  15  10
   1.500e-06 1.770000 4.600000e-01  16  10
   1.750e-06 1.790000 4.800000e-01  17  10
   2.000e-06 1.800000 4.900000e-01  18  10
   2.500e-06 1.820000 5.100000e-01  19  10
   3.000e-06 1.840000 5.400000e-01  20  10
   3.200e-06 1.860000 5.400000e-01  21  10
   3.390e-06 1.870000 5.495000e-01  22  10
   3.500e-06 1.880000 5.600000e-01  23  10
   3.750e-06 1.900000 5.700000e-01  24  10
   4.000e-06 1.920000 5.800000e-01  25  10
   4.500e-06 1.940000 5.900000e-01  26  10
   5.000e-06 1.970000 6.000000e-01  27  10
   5.500e-06 1.990000 6.100000e-01  28  10
   6.000e-06 2.020000 6.200000e-01  29  10
   6.200e-06 2.030000 6.250000e-01  30  10
   6.500e-06 2.040000 6.300000e-01  31  10
   7.200e-06 2.060000 6.500000e-01  32  10
   7.900e-06 2.120000 6.700000e-01  33  10
   8.200e-06 2.130000 6.800000e-01  34  10
   8.500e-06 2.150000 6.900000e-01  35  10
   8.700e-06 2.160000 6.900000e-01  36  10
   9.000e-06 2.170000 7.000000e-01  37  10
   9.200e-06 2.180000 7.000000e-01  38  10
   9.500e-06 2.190000 7.100000e-01  39  10
   9.800e-06 2.200000 7.150000e-01  40  10
  10.000e-06 2.210000 7.200000e-01  41  10
  10.600e-06 2.220000 7.300000e-01  42  10
  11.000e-06 2.230000 7.300000e-01  43  10
  11.500e-06 2.240000 7.400000e-01  44  10
  12.500e-06 2.270000 7.500000e-01  45  10
  13.000e-06 2.280000 7.600000e-01  46  10
  14.000e-06 2.310000 7.750000e-01  47  10
  14.800e-06 2.330000 7.900000e-01  48  10
  15.000e-06 2.330000 7.900000e-01  49  10
  16.400e-06 2.360000 8.100000e-01  50  10
  17.200e-06 2.380000 8.200000e-01  51  10
  18.000e-06 2.400000 8.250000e-01  52  10
  18.500e-06 2.410000 8.300000e-01  53  10
  20.000e-06 2.450000 8.500000e-01  54  10
  21.300e-06 2.460000 8.600000e-01  55  10
  22.500e-06 2.480000 8.700000e-01  56  10
  25.000e-06 2.510000 8.900000e-01  57  10
  27.900e-06 2.540000 9.100000e-01  58  10
  30.000e-06 2.570000 9.300000e-01  59  10
  35.000e-06 2.630000 9.700000e-01  60  10
  40.000e-06 2.690000 1.000000e+00  61  10
   0.250e-06 1.620000 4.500000e-01   1  11
   0.300e-06 1.740000 4.700000e-01   2  11
   0.350e-06 1.750000 4.650000e-01   3  11
   0.400e-06 1.750000 4.600000e-01   4  11
   0.450e-06 1.750000 4.550000e-01   5  11
   0.500e-06 1.750000 4.500000e-01   6  11
   0.550e-06 1.750000 4.400000e-01   7  11
   0.600e-06 1.750000 4.350000e-01   8  11
   0.650e-06 1.750000 4.350000e-01   9  11
   0.700e-06 1.750000 4.300000e-01  10  11
   0.750e-06 1.750000 4.300000e-01  11  11
   0.800e-06 1.750000 4.300000e-01  12  11
   0.900e-06 1.750000 4.350000e-01  13  11
   1.000e-06 1.760000 4.400000e-01  14  11
   1.250e-06 1.760000 4.500000e-01  15  11
   1.500e-06 1.770000 4.600000e-01  16  11
   1.750e-06 1.790000 4.800000e-01  17  11
   2.000e-06 1.800000 4.900000e-01  18  11
   2.500e-06 1.820000 5.100000e-01  19  11
   3.000e-06 1.840000 5.400000e-01  20  11
   3.200e-06 1.860000 5.400000e-01  21  11
   3.390e-06 1.870000 5.495000e-01  22  11
   3.500e-06 1.880000 5.600000e-01  23  11
   3.750e-06 1.900000 5.700000e-01  24  11
   4.000e-06 1.920000 5.800000e-01  25  11
   4.500e-06 1.940000 5.900000e-01  26  11
   5.000e-06 1.970000 6.000000e-01  27  11
   5.500e-06 1.990000 6.100000e-01  28  11
   6.000e-06 2.020000 6.200000e-01  29  11
   6.200e-06 2.030000 6.250000e-01  30  11
   6.500e-06 2.040000 6.300000e-01  31  11
   7.200e-06 2.060000 6.500000e-01  32  11
   7.900e-06 2.120000 6.700000e-01  33  11
   8.200e-06 2.130000 6.800000e-01  34  11
   8.500e-06 2.150000 6.900000e-01  35  11
   8.700e-06 2.160000 6.900000e-01  36  11
   9.000e-06 2.170000 7.000000e-01  37  11
   9.200e-06 2.180000 7.000000e-01  38  11
   9.500e-06 2.190000 7.100000e-01  39  11
   9.800e-06 2.200000 7.150000e-01  40  11
  10.000e-06 2.210000 7.200000e-01  41  11
  10.600e-06 2.220000 7.300000e-01  42  11
  11.000e-06 2.230000 7.300000e-01  43  11
  11.500e-06 2.240000 7.400000e-01  44  11
  12.500e-06 2.270000 7.500000e-01  45  11
  13.000e-06 2.280000 7.600000e-01  46  11
  14.000e-06 2.310000 7.750000e-01  47  11
  14.800e-06 2.330000 7.900000e-01  48  11
  15.000e-06 2.330000 7.900000e-01  49  11
  16.400e-06 2.360000 8.100000e-01  50  11
  17.200e-06 2.380000 8.200000e-01  51  11
  18.000e-06 2.400000 8.250000e-01  52  11
  18.500e-06 2.410000 8.300000e-01  53  11
  20.000e-06 2.450000 8.500000e-01  54  11
  21.300e-06 2.460000 8.600000e-01  55  11
  22.500e-06 2.480000 8.700000e-01  56  11
  25.000e-06 2.510000 8.900000e-01  57  11
  27.900e-06 2.540000 9.100000e-01  58  11
  30.000e-06 2.570000 9.300000e-01  59  11
  35.000e-06 2.630000 9.700000e-01  60  11
  40.000e-06 2.690000 1.000000e+00  61  11
   0.250e-06 1.620000 4.500000e-01   1  12
   0.300e-06 1.740000 4.700000e-01   2  12
   0.350e-06 1.750000 4.650000e-01   3  12
   0.400e-06 1.750000 4.600000e-01   4  12
   0.450e-06 1.750000 4.550000e-01   5  12
   0.500e-06 1.750000 4.500000e-01   6  12
   0.550e-06 1.750000 4.400000e-01   7  12
   0.600e-06 1.750000 4.350000e-01   8  12
   0.650e-06 1.750000 4.350000e-01   9  12
   0.700e-06 1.750000 4.300000e-01  10  12
   0.750e-06 1.750000 4.300000e-01  11  12
   0.800e-06 1.750000 4.300000e-01  12  12
   0.900e-06 1.750000 4.350000e-01  13  12
   1.000e-06 1.760000 4.400000e-01  14  12
   1.250e-06 1.760000 4.500000e-01  15  12
   1.500e-06 1.770000 4.600000e-01  16  12
   1.750e-06 1.790000 4.800000e-01  17  12
   2.000e-06 1.800000 4.900000e-01  18  12
   2.500e-06 1.820000 5.100000e-01  19  12
   3.000e-06 1.840000 5.400000e-01  20  12
   3.200e-06 1.860000 5.400000e-01  21  12
   3.390e-06 1.870000 5.495000e-01  22  12
   3.500e-06 1.880000 5.600000e-01  23  12
   3.750e-06 1.900000 5.700000e-01  24  12
   4.000e-06 1.920000 5.800000e-01  25  12
   4.500e-06 1.940000 5.900000e-01  26  12
   5.000e-06 1.970000 6.000000e-01  27  12
   5.500e-06 1.990000 6.100000e-01  28  12
   6.000e-06 2.020000 6.200000e-01  29  12
   6.200e-06 2.030000 6.250000e-01  30  12
   6.500e-06 2.040000 6.300000e-01  31  12
   7.200e-06 2.060000 6.500000e-01  32  12
   7.900e-06 2.120000 6.700000e-01  33  12
   8.200e-06 2.130000 6.800000e-01  34  12
   8.500e-06 2.150000 6.900000e-01  35  12
   8.700e-06 2.160000 6.900000e-01  36  12
   9.000e-06 2.170000 7.000000e-01  37  12
   9.200e-06 2.180000 7.000000e-01  38  12
   9.500e-06 2.190000 7.100000e-01  39  12
   9.800e-06 2.200000 7.150000e-01  40  12
  10.000e-06 2.210000 7.200000e-01  41  12
  10.600e-06 2.220000 7.300000e-01  42  12
  11.000e-06 2.230000 7.300000e-01  43  12
  11.500e-06 2.240000 7.400000e-01  44  12
  12.500e-06 2.270000 7.500000e-01  45  12
  13.000e-06 2.280000 7.600000e-01  46  12
  14.000e-06 2.310000 7.750000e-01  47  12
  14.800e-06 2.330000 7.900000e-01  48  12
  15.000e-06 2.330000 7.900000e-01  49  12
  16.400e-06 2.360000 8.100000e-01  50  12
  17.200e-06 2.380000 8.200000e-01  51  12
  18.000e-06 2.400000 8.250000e-01  52  12
  18.500e-06 2.410000 8.300000e-01  53  12
  20.000e-06 2.450000 8.500000e-01  54  12
  21.300e-06 2.460000 8.600000e-01  55  12
  22.500e-06 2.480000 8.700000e-01  56  12
  25.000e-06 2.510000 8.900000e-01  57  12
  27.900e-06 2.540000 9.100000e-01  58  12
  30.000e-06 2.570000 9.300000e-01  59  12
  35.000e-06 2.630000 9.700000e-01  60  12
  40.000e-06 2.690000 1.000000e+00  61  12
