Refractive index for sea water from OPAC, 12 RH values
Wavelength(m)  Real Part  Imaginary Part  wl_index RH_index
   0.250E-06 1.510000 5.000000e-06   1   1
   0.300E-06 1.510000 2.000000e-06   2   1
   0.350E-06 1.510000 3.240000e-07   3   1
   0.400E-06 1.500000 3.000000e-08   4   1
   0.450E-06 1.500000 2.430000e-08   5   1
   0.500E-06 1.500000 1.550000e-08   6   1
   0.550E-06 1.500000 1.000000e-08   7   1
   0.600E-06 1.490000 1.600000e-08   8   1
   0.650E-06 1.490000 4.240000e-08   9   1
   0.700E-06 1.490000 2.000000e-07  10   1
   0.750E-06 1.490000 1.080000e-06  11   1
   0.800E-06 1.480000 1.950000e-06  12   1
   0.900E-06 1.480000 4.240000e-05  13   1
   1.000E-06 1.470000 1.410000e-04  14   1
   1.250E-06 1.470000 3.580000e-04  15   1
   1.500E-06 1.460000 5.700000e-04  16   1
   1.750E-06 1.450000 7.620000e-04  17   1
   2.000E-06 1.450000 1.000000e-03  18   1
   2.500E-06 1.430000 4.000000e-03  19   1
   3.000E-06 1.610000 1.000000e-02  20   1
   3.200E-06 1.490000 3.000000e-03  21   1
   3.390E-06 1.480000 2.050000e-03  22   1
   3.500E-06 1.480000 1.600000e-03  23   1
   3.750E-06 1.470000 1.400000e-03  24   1
   4.000E-06 1.480000 1.400000e-03  25   1
   4.500E-06 1.490000 1.400000e-03  26   1
   5.000E-06 1.470000 2.500000e-03  27   1
   5.500E-06 1.420000 3.600000e-03  28   1
   6.000E-06 1.410000 1.100000e-02  29   1
   6.200E-06 1.600000 2.200000e-02  30   1
   6.500E-06 1.460000 5.000000e-03  31   1
   7.200E-06 1.420000 7.000000e-03  32   1
   7.900E-06 1.400000 1.300000e-02  33   1
   8.200E-06 1.420000 2.000000e-02  34   1
   8.500E-06 1.480000 2.600000e-02  35   1
   8.700E-06 1.600000 3.000000e-02  36   1
   9.000E-06 1.650000 2.800000e-02  37   1
   9.200E-06 1.610000 2.620000e-02  38   1
   9.500E-06 1.580000 1.800000e-02  39   1
   9.800E-06 1.560000 1.600000e-02  40   1
  10.000E-06 1.540000 1.500000e-02  41   1
  10.600E-06 1.500000 1.400000e-02  42   1
  11.000E-06 1.480000 1.400000e-02  43   1
  11.500E-06 1.480000 1.400000e-02  44   1
  12.500E-06 1.420000 1.600000e-02  45   1
  13.000E-06 1.410000 1.800000e-02  46   1
  14.000E-06 1.410000 2.300000e-02  47   1
  14.800E-06 1.430000 3.000000e-02  48   1
  15.000E-06 1.450000 3.500000e-02  49   1
  16.400E-06 1.560000 9.000000e-02  50   1
  17.200E-06 1.740000 1.200000e-01  51   1
  18.000E-06 1.780000 1.300000e-01  52   1
  18.500E-06 1.770000 1.350000e-01  53   1
  20.000E-06 1.760000 1.520000e-01  54   1
  21.300E-06 1.760000 1.650000e-01  55   1
  22.500E-06 1.760000 1.800000e-01  56   1
  25.000E-06 1.760000 2.050000e-01  57   1
  27.900E-06 1.770000 2.750000e-01  58   1
  30.000E-06 1.770000 3.000000e-01  59   1
  35.000E-06 1.760000 5.000000e-01  60   1
  40.000E-06 1.740000 1.000000e+00  61   1
   0.250E-06 1.487600 4.245800e-06   1   2
   0.300E-06 1.485600 1.698700e-06   2   2
   0.350E-06 1.484600 2.757820e-07   3   2
   0.400E-06 1.475600 2.572640e-08   4   2
   0.450E-06 1.475200 2.076460e-08   5   2
   0.500E-06 1.475000 1.329800e-08   6   2
   0.550E-06 1.474600 8.779000e-09   7   2
   0.600E-06 1.466000 1.522600e-08   8   2
   0.650E-06 1.465800 3.845200e-08   9   2
   0.700E-06 1.465800 1.747140e-07  10   2
   0.750E-06 1.465800 9.396800e-07  11   2
   0.800E-06 1.457000 1.672840e-06  12   2
   0.900E-06 1.457000 3.603400e-05  13   2
   1.000E-06 1.448200 1.200260e-04  14   2
   1.250E-06 1.447600 3.049540e-04  15   2
   1.500E-06 1.438800 5.138000e-04  16   2
   1.750E-06 1.429200 6.614600e-04  17   2
   2.000E-06 1.428200 1.015200e-03  18   2
   2.500E-06 1.404400 3.656800e-03  19   2
   3.000E-06 1.573800 4.978000e-02  20   2
   3.200E-06 1.488200 1.657600e-02  21   2
   3.390E-06 1.471400 5.254000e-03  22   2
   3.500E-06 1.467800 2.784600e-03  23   2
   3.750E-06 1.454600 1.719000e-03  24   2
   4.000E-06 1.460400 1.886000e-03  25   2
   4.500E-06 1.466000 3.222000e-03  26   2
   5.000E-06 1.448000 4.004000e-03  27   2
   5.500E-06 1.401400 4.815000e-03  28   2
   6.000E-06 1.388000 2.558000e-02  29   2
   6.200E-06 1.564000 3.202400e-02  30   2
   6.500E-06 1.441600 1.019400e-02  31   2
   7.200E-06 1.403600 1.081200e-02  32   2
   7.900E-06 1.384000 1.617400e-02  33   2
   8.200E-06 1.399600 2.229400e-02  34   2
   8.500E-06 1.449400 2.762400e-02  35   2
   8.700E-06 1.550200 3.120000e-02  36   2
   9.000E-06 1.591000 2.980800e-02  37   2
   9.200E-06 1.556000 2.852400e-02  38   2
   9.500E-06 1.528800 2.201000e-02  39   2
   9.800E-06 1.509800 2.084400e-02  40   2
  10.000E-06 1.491000 2.043600e-02  41   2
  10.600E-06 1.451200 2.211000e-02  42   2
  11.000E-06 1.430400 2.657400e-02  43   2
  11.500E-06 1.426200 3.344000e-02  44   2
  12.500E-06 1.374800 5.290000e-02  45   2
  13.000E-06 1.370000 6.158000e-02  46   2
  14.000E-06 1.379600 7.570000e-02  47   2
  14.800E-06 1.403800 8.558000e-02  48   2
  15.000E-06 1.422600 9.074000e-02  49   2
  16.400E-06 1.527600 1.411800e-01  50   2
  17.200E-06 1.686200 1.669200e-01  51   2
  18.000E-06 1.725800 1.749600e-01  52   2
  18.500E-06 1.720400 1.784400e-01  53   2
  20.000E-06 1.717400 1.886000e-01  54   2
  21.300E-06 1.719200 1.975000e-01  55   2
  22.500E-06 1.721400 2.088600e-01  56   2
  25.000E-06 1.725200 2.279400e-01  57   2
  27.900E-06 1.736400 2.847200e-01  58   2
  30.000E-06 1.736800 3.042600e-01  59   2
  35.000E-06 1.725400 4.751000e-01  60   2
  40.000E-06 1.706400 9.066000e-01  61   2
   0.250E-06 1.465200 3.491600e-06   1   3
   0.300E-06 1.461200 1.397400e-06   2   3
   0.350E-06 1.459200 2.275640e-07   3   3
   0.400E-06 1.451200 2.145280e-08   4   3
   0.450E-06 1.450400 1.722920e-08   5   3
   0.500E-06 1.450000 1.109600e-08   6   3
   0.550E-06 1.449200 7.558000e-09   7   3
   0.600E-06 1.442000 1.445200e-08   8   3
   0.650E-06 1.441600 3.450400e-08   9   3
   0.700E-06 1.441600 1.494280e-07  10   3
   0.750E-06 1.441600 7.993600e-07  11   3
   0.800E-06 1.434000 1.395680e-06  12   3
   0.900E-06 1.434000 2.966800e-05  13   3
   1.000E-06 1.426400 9.905200e-05  14   3
   1.250E-06 1.425200 2.519080e-04  15   3
   1.500E-06 1.417600 4.576000e-04  16   3
   1.750E-06 1.408400 5.609200e-04  17   3
   2.000E-06 1.406400 1.030400e-03  18   3
   2.500E-06 1.378800 3.313600e-03  19   3
   3.000E-06 1.537600 8.956000e-02  20   3
   3.200E-06 1.486400 3.015200e-02  21   3
   3.390E-06 1.462800 8.458000e-03  22   3
   3.500E-06 1.455600 3.969200e-03  23   3
   3.750E-06 1.439200 2.038000e-03  24   3
   4.000E-06 1.440800 2.372000e-03  25   3
   4.500E-06 1.442000 5.044000e-03  26   3
   5.000E-06 1.426000 5.508000e-03  27   3
   5.500E-06 1.382800 6.030000e-03  28   3
   6.000E-06 1.366000 4.016000e-02  29   3
   6.200E-06 1.528000 4.204800e-02  30   3
   6.500E-06 1.423200 1.538800e-02  31   3
   7.200E-06 1.387200 1.462400e-02  32   3
   7.900E-06 1.368000 1.934800e-02  33   3
   8.200E-06 1.379200 2.458800e-02  34   3
   8.500E-06 1.418800 2.924800e-02  35   3
   8.700E-06 1.500400 3.240000e-02  36   3
   9.000E-06 1.532000 3.161600e-02  37   3
   9.200E-06 1.502000 3.084800e-02  38   3
   9.500E-06 1.477600 2.602000e-02  39   3
   9.800E-06 1.459600 2.568800e-02  40   3
  10.000E-06 1.442000 2.587200e-02  41   3
  10.600E-06 1.402400 3.022000e-02  42   3
  11.000E-06 1.380800 3.914800e-02  43   3
  11.500E-06 1.372400 5.288000e-02  44   3
  12.500E-06 1.329600 8.980000e-02  45   3
  13.000E-06 1.330000 1.051600e-01  46   3
  14.000E-06 1.349200 1.284000e-01  47   3
  14.800E-06 1.377600 1.411600e-01  48   3
  15.000E-06 1.395200 1.464800e-01  49   3
  16.400E-06 1.495200 1.923600e-01  50   3
  17.200E-06 1.632400 2.138400e-01  51   3
  18.000E-06 1.671600 2.199200e-01  52   3
  18.500E-06 1.670800 2.218800e-01  53   3
  20.000E-06 1.674800 2.252000e-01  54   3
  21.300E-06 1.678400 2.300000e-01  55   3
  22.500E-06 1.682800 2.377200e-01  56   3
  25.000E-06 1.690400 2.508800e-01  57   3
  27.900E-06 1.702800 2.944400e-01  58   3
  30.000E-06 1.703600 3.085200e-01  59   3
  35.000E-06 1.690800 4.502000e-01  60   3
  40.000E-06 1.672800 8.132000e-01  61   3
   0.250E-06 1.442800 2.737400e-06   1   4
   0.300E-06 1.436800 1.096100e-06   2   4
   0.350E-06 1.433800 1.793460e-07   3   4
   0.400E-06 1.426800 1.717920e-08   4   4
   0.450E-06 1.425600 1.369380e-08   5   4
   0.500E-06 1.425000 8.894000e-09   6   4
   0.550E-06 1.423800 6.337000e-09   7   4
   0.600E-06 1.418000 1.367800e-08   8   4
   0.650E-06 1.417400 3.055600e-08   9   4
   0.700E-06 1.417400 1.241420e-07  10   4
   0.750E-06 1.417400 6.590400e-07  11   4
   0.800E-06 1.411000 1.118520e-06  12   4
   0.900E-06 1.411000 2.330200e-05  13   4
   1.000E-06 1.404600 7.807800e-05  14   4
   1.250E-06 1.402800 1.988620e-04  15   4
   1.500E-06 1.396400 4.014000e-04  16   4
   1.750E-06 1.387600 4.603800e-04  17   4
   2.000E-06 1.384600 1.045600e-03  18   4
   2.500E-06 1.353200 2.970400e-03  19   4
   3.000E-06 1.501400 1.293400e-01  20   4
   3.200E-06 1.484600 4.372800e-02  21   4
   3.390E-06 1.454200 1.166200e-02  22   4
   3.500E-06 1.443400 5.153800e-03  23   4
   3.750E-06 1.423800 2.357000e-03  24   4
   4.000E-06 1.421200 2.858000e-03  25   4
   4.500E-06 1.418000 6.866000e-03  26   4
   5.000E-06 1.404000 7.012000e-03  27   4
   5.500E-06 1.364200 7.245000e-03  28   4
   6.000E-06 1.344000 5.474000e-02  29   4
   6.200E-06 1.492000 5.207200e-02  30   4
   6.500E-06 1.404800 2.058200e-02  31   4
   7.200E-06 1.370800 1.843600e-02  32   4
   7.900E-06 1.352000 2.252200e-02  33   4
   8.200E-06 1.358800 2.688200e-02  34   4
   8.500E-06 1.388200 3.087200e-02  35   4
   8.700E-06 1.450600 3.360000e-02  36   4
   9.000E-06 1.473000 3.342400e-02  37   4
   9.200E-06 1.448000 3.317200e-02  38   4
   9.500E-06 1.426400 3.003000e-02  39   4
   9.800E-06 1.409400 3.053200e-02  40   4
  10.000E-06 1.393000 3.130800e-02  41   4
  10.600E-06 1.353600 3.833000e-02  42   4
  11.000E-06 1.331200 5.172200e-02  43   4
  11.500E-06 1.318600 7.232000e-02  44   4
  12.500E-06 1.284400 1.267000e-01  45   4
  13.000E-06 1.290000 1.487400e-01  46   4
  14.000E-06 1.318800 1.811000e-01  47   4
  14.800E-06 1.351400 1.967400e-01  48   4
  15.000E-06 1.367800 2.022200e-01  49   4
  16.400E-06 1.462800 2.435400e-01  50   4
  17.200E-06 1.578600 2.607600e-01  51   4
  18.000E-06 1.617400 2.648800e-01  52   4
  18.500E-06 1.621200 2.653200e-01  53   4
  20.000E-06 1.632200 2.618000e-01  54   4
  21.300E-06 1.637600 2.625000e-01  55   4
  22.500E-06 1.644200 2.665800e-01  56   4
  25.000E-06 1.655600 2.738200e-01  57   4
  27.900E-06 1.669200 3.041600e-01  58   4
  30.000E-06 1.670400 3.127800e-01  59   4
  35.000E-06 1.656200 4.253000e-01  60   4
  40.000E-06 1.639200 7.198000e-01  61   4
   0.250E-06 1.420400 1.983200e-06   1   5
   0.300E-06 1.412400 7.948000e-07   2   5
   0.350E-06 1.408400 1.311280e-07   3   5
   0.400E-06 1.402400 1.290560e-08   4   5
   0.450E-06 1.400800 1.015840e-08   5   5
   0.500E-06 1.400000 6.692000e-09   6   5
   0.550E-06 1.398400 5.116000e-09   7   5
   0.600E-06 1.394000 1.290400e-08   8   5
   0.650E-06 1.393200 2.660800e-08   9   5
   0.700E-06 1.393200 9.885600e-08  10   5
   0.750E-06 1.393200 5.187200e-07  11   5
   0.800E-06 1.388000 8.413600e-07  12   5
   0.900E-06 1.388000 1.693600e-05  13   5
   1.000E-06 1.382800 5.710400e-05  14   5
   1.250E-06 1.380400 1.458160e-04  15   5
   1.500E-06 1.375200 3.452000e-04  16   5
   1.750E-06 1.366800 3.598400e-04  17   5
   2.000E-06 1.362800 1.060800e-03  18   5
   2.500E-06 1.327600 2.627200e-03  19   5
   3.000E-06 1.465200 1.691200e-01  20   5
   3.200E-06 1.482800 5.730400e-02  21   5
   3.390E-06 1.445600 1.486600e-02  22   5
   3.500E-06 1.431200 6.338400e-03  23   5
   3.750E-06 1.408400 2.676000e-03  24   5
   4.000E-06 1.401600 3.344000e-03  25   5
   4.500E-06 1.394000 8.688000e-03  26   5
   5.000E-06 1.382000 8.516000e-03  27   5
   5.500E-06 1.345600 8.460000e-03  28   5
   6.000E-06 1.322000 6.932000e-02  29   5
   6.200E-06 1.456000 6.209600e-02  30   5
   6.500E-06 1.386400 2.577600e-02  31   5
   7.200E-06 1.354400 2.224800e-02  32   5
   7.900E-06 1.336000 2.569600e-02  33   5
   8.200E-06 1.338400 2.917600e-02  34   5
   8.500E-06 1.357600 3.249600e-02  35   5
   8.700E-06 1.400800 3.480000e-02  36   5
   9.000E-06 1.414000 3.523200e-02  37   5
   9.200E-06 1.394000 3.549600e-02  38   5
   9.500E-06 1.375200 3.404000e-02  39   5
   9.800E-06 1.359200 3.537600e-02  40   5
  10.000E-06 1.344000 3.674400e-02  41   5
  10.600E-06 1.304800 4.644000e-02  42   5
  11.000E-06 1.281600 6.429600e-02  43   5
  11.500E-06 1.264800 9.175999e-02  44   5
  12.500E-06 1.239200 1.636000e-01  45   5
  13.000E-06 1.250000 1.923200e-01  46   5
  14.000E-06 1.288400 2.338000e-01  47   5
  14.800E-06 1.325200 2.523200e-01  48   5
  15.000E-06 1.340400 2.579600e-01  49   5
  16.400E-06 1.430400 2.947200e-01  50   5
  17.200E-06 1.524800 3.076800e-01  51   5
  18.000E-06 1.563200 3.098400e-01  52   5
  18.500E-06 1.571600 3.087600e-01  53   5
  20.000E-06 1.589600 2.984000e-01  54   5
  21.300E-06 1.596800 2.950000e-01  55   5
  22.500E-06 1.605600 2.954400e-01  56   5
  25.000E-06 1.620800 2.967600e-01  57   5
  27.900E-06 1.635600 3.138800e-01  58   5
  30.000E-06 1.637200 3.170400e-01  59   5
  35.000E-06 1.621600 4.004000e-01  60   5
  40.000E-06 1.605600 6.264000e-01  61   5
   0.250E-06 1.398000 1.229000e-06   1   6
   0.300E-06 1.388000 4.935000e-07   2   6
   0.350E-06 1.383000 8.291000e-08   3   6
   0.400E-06 1.378000 8.632000e-09   4   6
   0.450E-06 1.376000 6.623000e-09   5   6
   0.500E-06 1.375000 4.490000e-09   6   6
   0.550E-06 1.373000 3.895000e-09   7   6
   0.600E-06 1.370000 1.213000e-08   8   6
   0.650E-06 1.369000 2.266000e-08   9   6
   0.700E-06 1.369000 7.357000e-08  10   6
   0.750E-06 1.369000 3.784000e-07  11   6
   0.800E-06 1.365000 5.642000e-07  12   6
   0.900E-06 1.365000 1.057000e-05  13   6
   1.000E-06 1.361000 3.613000e-05  14   6
   1.250E-06 1.358000 9.277000e-05  15   6
   1.500E-06 1.354000 2.890000e-04  16   6
   1.750E-06 1.346000 2.593000e-04  17   6
   2.000E-06 1.341000 1.076000e-03  18   6
   2.500E-06 1.302000 2.284000e-03  19   6
   3.000E-06 1.429000 2.089000e-01  20   6
   3.200E-06 1.481000 7.088000e-02  21   6
   3.390E-06 1.437000 1.807000e-02  22   6
   3.500E-06 1.419000 7.523000e-03  23   6
   3.750E-06 1.393000 2.995000e-03  24   6
   4.000E-06 1.382000 3.830000e-03  25   6
   4.500E-06 1.370000 1.051000e-02  26   6
   5.000E-06 1.360000 1.002000e-02  27   6
   5.500E-06 1.327000 9.675000e-03  28   6
   6.000E-06 1.300000 8.390000e-02  29   6
   6.200E-06 1.420000 7.212000e-02  30   6
   6.500E-06 1.368000 3.097000e-02  31   6
   7.200E-06 1.338000 2.606000e-02  32   6
   7.900E-06 1.320000 2.887000e-02  33   6
   8.200E-06 1.318000 3.147000e-02  34   6
   8.500E-06 1.327000 3.412000e-02  35   6
   8.700E-06 1.351000 3.600000e-02  36   6
   9.000E-06 1.355000 3.704000e-02  37   6
   9.200E-06 1.340000 3.782000e-02  38   6
   9.500E-06 1.324000 3.805000e-02  39   6
   9.800E-06 1.309000 4.022000e-02  40   6
  10.000E-06 1.295000 4.218000e-02  41   6
  10.600E-06 1.256000 5.455000e-02  42   6
  11.000E-06 1.232000 7.687000e-02  43   6
  11.500E-06 1.211000 1.112000e-01  44   6
  12.500E-06 1.194000 2.005000e-01  45   6
  13.000E-06 1.210000 2.359000e-01  46   6
  14.000E-06 1.258000 2.865000e-01  47   6
  14.800E-06 1.299000 3.079000e-01  48   6
  15.000E-06 1.313000 3.137000e-01  49   6
  16.400E-06 1.398000 3.459000e-01  50   6
  17.200E-06 1.471000 3.546000e-01  51   6
  18.000E-06 1.509000 3.548000e-01  52   6
  18.500E-06 1.522000 3.522000e-01  53   6
  20.000E-06 1.547000 3.350000e-01  54   6
  21.300E-06 1.556000 3.275000e-01  55   6
  22.500E-06 1.567000 3.243000e-01  56   6
  25.000E-06 1.586000 3.197000e-01  57   6
  27.900E-06 1.602000 3.236000e-01  58   6
  30.000E-06 1.604000 3.213000e-01  59   6
  35.000E-06 1.587000 3.755000e-01  60   6
  40.000E-06 1.572000 5.330000e-01  61   6
   0.250E-06 1.392500 1.051000e-06   1   7
   0.300E-06 1.382000 4.224500e-07   2   7
   0.350E-06 1.377000 7.154000e-08   3   7
   0.400E-06 1.372000 7.624500e-09   4   7
   0.450E-06 1.370500 5.789000e-09   5   7
   0.500E-06 1.369000 3.970500e-09   6   7
   0.550E-06 1.367000 3.607000e-09   7   7
   0.600E-06 1.364500 1.194500e-08   8   7
   0.650E-06 1.363500 2.172500e-08   9   7
   0.700E-06 1.363500 6.760500e-08  10   7
   0.750E-06 1.363000 3.453000e-07  11   7
   0.800E-06 1.360000 4.988500e-07  12   7
   0.900E-06 1.359500 9.070500e-06  13   7
   1.000E-06 1.356000 3.118000e-05  14   7
   1.250E-06 1.353000 8.025501e-05  15   7
   1.500E-06 1.349000 2.757500e-04  16   7
   1.750E-06 1.341000 2.356000e-04  17   7
   2.000E-06 1.335500 1.079500e-03  18   7
   2.500E-06 1.296000 2.203000e-03  19   7
   3.000E-06 1.420000 2.183000e-01  20   7
   3.200E-06 1.480500 7.408500e-02  21   7
   3.390E-06 1.435000 1.882500e-02  22   7
   3.500E-06 1.416500 7.802499e-03  23   7
   3.750E-06 1.389500 3.070000e-03  24   7
   4.000E-06 1.377500 3.944500e-03  25   7
   4.500E-06 1.364500 1.094000e-02  26   7
   5.000E-06 1.355000 1.037500e-02  27   7
   5.500E-06 1.323000 9.962500e-03  28   7
   6.000E-06 1.295000 8.733500e-02  29   7
   6.200E-06 1.411500 7.448000e-02  30   7
   6.500E-06 1.363500 3.219500e-02  31   7
   7.200E-06 1.334000 2.696000e-02  32   7
   7.900E-06 1.316000 2.962000e-02  33   7
   8.200E-06 1.313500 3.201000e-02  34   7
   8.500E-06 1.319500 3.450500e-02  35   7
   8.700E-06 1.339000 3.628000e-02  36   7
   9.000E-06 1.341500 3.746500e-02  37   7
   9.200E-06 1.327500 3.836500e-02  38   7
   9.500E-06 1.312000 3.899500e-02  39   7
   9.800E-06 1.297000 4.136500e-02  40   7
  10.000E-06 1.283500 4.346500e-02  41   7
  10.600E-06 1.244500 5.646000e-02  42   7
  11.000E-06 1.220000 7.983500e-02  43   7
  11.500E-06 1.198500 1.158000e-01  44   7
  12.500E-06 1.183500 2.092000e-01  45   7
  13.000E-06 1.200500 2.462000e-01  46   7
  14.000E-06 1.251000 2.989000e-01  47   7
  14.800E-06 1.293000 3.210000e-01  48   7
  15.000E-06 1.306500 3.268500e-01  49   7
  16.400E-06 1.390000 3.579500e-01  50   7
  17.200E-06 1.458500 3.657000e-01  51   7
  18.000E-06 1.496000 3.654000e-01  52   7
  18.500E-06 1.510000 3.624500e-01  53   7
  20.000E-06 1.537000 3.436500e-01  54   7
  21.300E-06 1.546000 3.351500e-01  55   7
  22.500E-06 1.558000 3.311000e-01  56   7
  25.000E-06 1.578000 3.251000e-01  57   7
  27.900E-06 1.594000 3.259000e-01  58   7
  30.000E-06 1.596000 3.223000e-01  59   7
  35.000E-06 1.579000 3.696000e-01  60   7
  40.000E-06 1.564000 5.110000e-01  61   7
   0.250E-06 1.387000 8.730000e-07   1   8
   0.300E-06 1.376000 3.514000e-07   2   8
   0.350E-06 1.371000 6.017000e-08   3   8
   0.400E-06 1.366000 6.617000e-09   4   8
   0.450E-06 1.365000 4.955000e-09   5   8
   0.500E-06 1.363000 3.451000e-09   6   8
   0.550E-06 1.361000 3.319000e-09   7   8
   0.600E-06 1.359000 1.176000e-08   8   8
   0.650E-06 1.358000 2.079000e-08   9   8
   0.700E-06 1.358000 6.164000e-08  10   8
   0.750E-06 1.357000 3.122000e-07  11   8
   0.800E-06 1.355000 4.335000e-07  12   8
   0.900E-06 1.354000 7.571000e-06  13   8
   1.000E-06 1.351000 2.623000e-05  14   8
   1.250E-06 1.348000 6.774000e-05  15   8
   1.500E-06 1.344000 2.625000e-04  16   8
   1.750E-06 1.336000 2.119000e-04  17   8
   2.000E-06 1.330000 1.083000e-03  18   8
   2.500E-06 1.290000 2.122000e-03  19   8
   3.000E-06 1.411000 2.277000e-01  20   8
   3.200E-06 1.480000 7.729000e-02  21   8
   3.390E-06 1.433000 1.958000e-02  22   8
   3.500E-06 1.414000 8.082000e-03  23   8
   3.750E-06 1.386000 3.145000e-03  24   8
   4.000E-06 1.373000 4.059000e-03  25   8
   4.500E-06 1.359000 1.137000e-02  26   8
   5.000E-06 1.350000 1.073000e-02  27   8
   5.500E-06 1.319000 1.025000e-02  28   8
   6.000E-06 1.290000 9.077000e-02  29   8
   6.200E-06 1.403000 7.684000e-02  30   8
   6.500E-06 1.359000 3.342000e-02  31   8
   7.200E-06 1.330000 2.786000e-02  32   8
   7.900E-06 1.312000 3.037000e-02  33   8
   8.200E-06 1.309000 3.255000e-02  34   8
   8.500E-06 1.312000 3.489000e-02  35   8
   8.700E-06 1.327000 3.656000e-02  36   8
   9.000E-06 1.328000 3.789000e-02  37   8
   9.200E-06 1.315000 3.891000e-02  38   8
   9.500E-06 1.300000 3.994000e-02  39   8
   9.800E-06 1.285000 4.251000e-02  40   8
  10.000E-06 1.272000 4.475000e-02  41   8
  10.600E-06 1.233000 5.837000e-02  42   8
  11.000E-06 1.208000 8.280000e-02  43   8
  11.500E-06 1.186000 1.204000e-01  44   8
  12.500E-06 1.173000 2.179000e-01  45   8
  13.000E-06 1.191000 2.565000e-01  46   8
  14.000E-06 1.244000 3.113000e-01  47   8
  14.800E-06 1.287000 3.341000e-01  48   8
  15.000E-06 1.300000 3.400000e-01  49   8
  16.400E-06 1.382000 3.700000e-01  50   8
  17.200E-06 1.446000 3.768000e-01  51   8
  18.000E-06 1.483000 3.760000e-01  52   8
  18.500E-06 1.498000 3.727000e-01  53   8
  20.000E-06 1.527000 3.523000e-01  54   8
  21.300E-06 1.536000 3.428000e-01  55   8
  22.500E-06 1.549000 3.379000e-01  56   8
  25.000E-06 1.570000 3.305000e-01  57   8
  27.900E-06 1.586000 3.282000e-01  58   8
  30.000E-06 1.588000 3.233000e-01  59   8
  35.000E-06 1.571000 3.637000e-01  60   8
  40.000E-06 1.556000 4.890000e-01  61   8
   0.250E-06 1.381000 6.633000e-07   1   9
   0.300E-06 1.369000 2.676000e-07   2   9
   0.350E-06 1.364000 4.676000e-08   3   9
   0.400E-06 1.359000 5.428000e-09   4   9
   0.450E-06 1.358000 3.972000e-09   5   9
   0.500E-06 1.356000 2.839000e-09   6   9
   0.550E-06 1.354000 2.980000e-09   7   9
   0.600E-06 1.352000 1.155000e-08   8   9
   0.650E-06 1.351000 1.970000e-08   9   9
   0.700E-06 1.351000 5.461000e-08  10   9
   0.750E-06 1.350000 2.732000e-07  11   9
   0.800E-06 1.348000 3.564000e-07  12   9
   0.900E-06 1.347000 5.801000e-06  13   9
   1.000E-06 1.345000 2.040000e-05  14   9
   1.250E-06 1.342000 5.300000e-05  15   9
   1.500E-06 1.339000 2.469000e-04  16   9
   1.750E-06 1.330000 1.839000e-04  17   9
   2.000E-06 1.324000 1.087000e-03  18   9
   2.500E-06 1.282000 2.027000e-03  19   9
   3.000E-06 1.401000 2.388000e-01  20   9
   3.200E-06 1.480000 8.106000e-02  21   9
   3.390E-06 1.430000 2.047000e-02  22   9
   3.500E-06 1.410000 8.411000e-03  23   9
   3.750E-06 1.382000 3.234000e-03  24   9
   4.000E-06 1.367000 4.194000e-03  25   9
   4.500E-06 1.352000 1.188000e-02  26   9
   5.000E-06 1.343000 1.114000e-02  27   9
   5.500E-06 1.313000 1.059000e-02  28   9
   6.000E-06 1.283000 9.483000e-02  29   9
   6.200E-06 1.393000 7.963000e-02  30   9
   6.500E-06 1.354000 3.486000e-02  31   9
   7.200E-06 1.326000 2.892000e-02  32   9
   7.900E-06 1.307000 3.125000e-02  33   9
   8.200E-06 1.303000 3.319000e-02  34   9
   8.500E-06 1.304000 3.534000e-02  35   9
   8.700E-06 1.314000 3.690000e-02  36   9
   9.000E-06 1.311000 3.839000e-02  37   9
   9.200E-06 1.300000 3.956000e-02  38   9
   9.500E-06 1.286000 4.105000e-02  39   9
   9.800E-06 1.271000 4.385000e-02  40   9
  10.000E-06 1.259000 4.626000e-02  41   9
  10.600E-06 1.220000 6.063000e-02  42   9
  11.000E-06 1.194000 8.630000e-02  43   9
  11.500E-06 1.171000 1.258000e-01  44   9
  12.500E-06 1.161000 2.282000e-01  45   9
  13.000E-06 1.179000 2.686000e-01  46   9
  14.000E-06 1.235000 3.260000e-01  47   9
  14.800E-06 1.280000 3.496000e-01  48   9
  15.000E-06 1.293000 3.555000e-01  49   9
  16.400E-06 1.373000 3.843000e-01  50   9
  17.200E-06 1.431000 3.898000e-01  51   9
  18.000E-06 1.468000 3.885000e-01  52   9
  18.500E-06 1.484000 3.847000e-01  53   9
  20.000E-06 1.516000 3.624000e-01  54   9
  21.300E-06 1.525000 3.519000e-01  55   9
  22.500E-06 1.538000 3.459000e-01  56   9
  25.000E-06 1.560000 3.369000e-01  57   9
  27.900E-06 1.577000 3.309000e-01  58   9
  30.000E-06 1.579000 3.244000e-01  59   9
  35.000E-06 1.561000 3.568000e-01  60   9
  40.000E-06 1.547000 4.630000e-01  61   9
   0.250E-06 1.377000 5.330500e-07   1  10
   0.300E-06 1.365000 2.155500e-07   2  10
   0.350E-06 1.359500 3.843500e-08   3  10
   0.400E-06 1.355000 4.690500e-09   4  10
   0.450E-06 1.353500 3.361500e-09   5  10
   0.500E-06 1.351500 2.458500e-09   6  10
   0.550E-06 1.349500 2.769000e-09   7  10
   0.600E-06 1.348000 1.141500e-08   8  10
   0.650E-06 1.347000 1.901500e-08   9  10
   0.700E-06 1.347000 5.024500e-08  10  10
   0.750E-06 1.346000 2.489500e-07  11  10
   0.800E-06 1.344000 3.085500e-07  12  10
   0.900E-06 1.343000 4.702000e-06  13  10
   1.000E-06 1.341500 1.678000e-05  14  10
   1.250E-06 1.338000 4.384000e-05  15  10
   1.500E-06 1.335000 2.372000e-04  16  10
   1.750E-06 1.326500 1.665500e-04  17  10
   2.000E-06 1.320500 1.090000e-03  18  10
   2.500E-06 1.278000 1.967500e-03  19  10
   3.000E-06 1.395000 2.456500e-01  20  10
   3.200E-06 1.479500 8.340500e-02  21  10
   3.390E-06 1.428500 2.102500e-02  22  10
   3.500E-06 1.408000 8.615499e-03  23  10
   3.750E-06 1.379500 3.289000e-03  24  10
   4.000E-06 1.364000 4.278000e-03  25  10
   4.500E-06 1.348000 1.219500e-02  26  10
   5.000E-06 1.339500 1.140000e-02  27  10
   5.500E-06 1.310000 1.080000e-02  28  10
   6.000E-06 1.279500 9.734499e-02  29  10
   6.200E-06 1.387000 8.136000e-02  30  10
   6.500E-06 1.351000 3.576000e-02  31  10
   7.200E-06 1.323000 2.957500e-02  32  10
   7.900E-06 1.304500 3.180000e-02  33  10
   8.200E-06 1.299500 3.358500e-02  34  10
   8.500E-06 1.298500 3.562000e-02  35  10
   8.700E-06 1.305000 3.710500e-02  36  10
   9.000E-06 1.301000 3.870500e-02  37  10
   9.200E-06 1.290500 3.996000e-02  38  10
   9.500E-06 1.277000 4.174500e-02  39  10
   9.800E-06 1.262500 4.469000e-02  40  10
  10.000E-06 1.250500 4.720000e-02  41  10
  10.600E-06 1.211500 6.203000e-02  42  10
  11.000E-06 1.185500 8.847000e-02  43  10
  11.500E-06 1.161500 1.291500e-01  44  10
  12.500E-06 1.153000 2.345500e-01  45  10
  13.000E-06 1.172500 2.761500e-01  46  10
  14.000E-06 1.230000 3.351000e-01  47  10
  14.800E-06 1.275500 3.592000e-01  48  10
  15.000E-06 1.288000 3.651000e-01  49  10
  16.400E-06 1.367500 3.931000e-01  50  10
  17.200E-06 1.421500 3.979000e-01  51  10
  18.000E-06 1.459000 3.962500e-01  52  10
  18.500E-06 1.475500 3.922000e-01  53  10
  20.000E-06 1.508500 3.687500e-01  54  10
  21.300E-06 1.518000 3.575000e-01  55  10
  22.500E-06 1.531500 3.509000e-01  56  10
  25.000E-06 1.554000 3.408500e-01  57  10
  27.900E-06 1.571000 3.325500e-01  58  10
  30.000E-06 1.573000 3.251500e-01  59  10
  35.000E-06 1.555000 3.525000e-01  60  10
  40.000E-06 1.541000 4.468500e-01  61  10
   0.250E-06 1.373000 4.028000e-07   1  11
   0.300E-06 1.361000 1.635000e-07   2  11
   0.350E-06 1.355000 3.011000e-08   3  11
   0.400E-06 1.351000 3.953000e-09   4  11
   0.450E-06 1.349000 2.751000e-09   5  11
   0.500E-06 1.347000 2.078000e-09   6  11
   0.550E-06 1.345000 2.558000e-09   7  11
   0.600E-06 1.344000 1.128000e-08   8  11
   0.650E-06 1.343000 1.833000e-08   9  11
   0.700E-06 1.343000 4.588000e-08  10  11
   0.750E-06 1.342000 2.247000e-07  11  11
   0.800E-06 1.340000 2.607000e-07  12  11
   0.900E-06 1.339000 3.603000e-06  13  11
   1.000E-06 1.338000 1.316000e-05  14  11
   1.250E-06 1.334000 3.468000e-05  15  11
   1.500E-06 1.331000 2.275000e-04  16  11
   1.750E-06 1.323000 1.492000e-04  17  11
   2.000E-06 1.317000 1.093000e-03  18  11
   2.500E-06 1.274000 1.908000e-03  19  11
   3.000E-06 1.389000 2.525000e-01  20  11
   3.200E-06 1.479000 8.575000e-02  21  11
   3.390E-06 1.427000 2.158000e-02  22  11
   3.500E-06 1.406000 8.820000e-03  23  11
   3.750E-06 1.377000 3.344000e-03  24  11
   4.000E-06 1.361000 4.362000e-03  25  11
   4.500E-06 1.344000 1.251000e-02  26  11
   5.000E-06 1.336000 1.166000e-02  27  11
   5.500E-06 1.307000 1.101000e-02  28  11
   6.000E-06 1.276000 9.986000e-02  29  11
   6.200E-06 1.381000 8.309000e-02  30  11
   6.500E-06 1.348000 3.666000e-02  31  11
   7.200E-06 1.320000 3.023000e-02  32  11
   7.900E-06 1.302000 3.235000e-02  33  11
   8.200E-06 1.296000 3.398000e-02  34  11
   8.500E-06 1.293000 3.590000e-02  35  11
   8.700E-06 1.296000 3.731000e-02  36  11
   9.000E-06 1.291000 3.902000e-02  37  11
   9.200E-06 1.281000 4.036000e-02  38  11
   9.500E-06 1.268000 4.244000e-02  39  11
   9.800E-06 1.254000 4.553000e-02  40  11
  10.000E-06 1.242000 4.814000e-02  41  11
  10.600E-06 1.203000 6.343000e-02  42  11
  11.000E-06 1.177000 9.064000e-02  43  11
  11.500E-06 1.152000 1.325000e-01  44  11
  12.500E-06 1.145000 2.409000e-01  45  11
  13.000E-06 1.166000 2.837000e-01  46  11
  14.000E-06 1.225000 3.442000e-01  47  11
  14.800E-06 1.271000 3.688000e-01  48  11
  15.000E-06 1.283000 3.747000e-01  49  11
  16.400E-06 1.362000 4.019000e-01  50  11
  17.200E-06 1.412000 4.060000e-01  51  11
  18.000E-06 1.450000 4.040000e-01  52  11
  18.500E-06 1.467000 3.997000e-01  53  11
  20.000E-06 1.501000 3.751000e-01  54  11
  21.300E-06 1.511000 3.631000e-01  55  11
  22.500E-06 1.525000 3.559000e-01  56  11
  25.000E-06 1.548000 3.448000e-01  57  11
  27.900E-06 1.565000 3.342000e-01  58  11
  30.000E-06 1.567000 3.259000e-01  59  11
  35.000E-06 1.549000 3.482000e-01  60  11
  40.000E-06 1.535000 4.307000e-01  61  11
   0.250E-06 1.368000 2.382000e-07   1  12
   0.300E-06 1.356000 9.779000e-08   2  12
   0.350E-06 1.350000 1.959000e-08   3  12
   0.400E-06 1.346000 3.020000e-09   4  12
   0.450E-06 1.344000 1.980000e-09   5  12
   0.500E-06 1.342000 1.598000e-09   6  12
   0.550E-06 1.340000 2.291000e-09   7  12
   0.600E-06 1.339000 1.111000e-08   8  12
   0.650E-06 1.338000 1.747000e-08   9  12
   0.700E-06 1.338000 4.036000e-08  10  12
   0.750E-06 1.337000 1.941000e-07  11  12
   0.800E-06 1.335000 2.002000e-07  12  12
   0.900E-06 1.334000 2.214000e-06  13  12
   1.000E-06 1.333000 8.584000e-06  14  12
   1.250E-06 1.329000 2.310000e-05  15  12
   1.500E-06 1.327000 2.153000e-04  16  12
   1.750E-06 1.319000 1.273000e-04  17  12
   2.000E-06 1.312000 1.096000e-03  18  12
   2.500E-06 1.268000 1.833000e-03  19  12
   3.000E-06 1.381000 2.612000e-01  20  12
   3.200E-06 1.478000 8.871000e-02  21  12
   3.390E-06 1.425000 2.228000e-02  22  12
   3.500E-06 1.403000 9.078000e-03  23  12
   3.750E-06 1.373000 3.413000e-03  24  12
   4.000E-06 1.356000 4.468000e-03  25  12
   4.500E-06 1.339000 1.291000e-02  26  12
   5.000E-06 1.331000 1.199000e-02  27  12
   5.500E-06 1.303000 1.127000e-02  28  12
   6.000E-06 1.271000 1.030000e-01  29  12
   6.200E-06 1.373000 8.528000e-02  30  12
   6.500E-06 1.344000 3.779000e-02  31  12
   7.200E-06 1.316000 3.107000e-02  32  12
   7.900E-06 1.298000 3.304000e-02  33  12
   8.200E-06 1.292000 3.448000e-02  34  12
   8.500E-06 1.286000 3.626000e-02  35  12
   8.700E-06 1.286000 3.757000e-02  36  12
   9.000E-06 1.278000 3.941000e-02  37  12
   9.200E-06 1.270000 4.087000e-02  38  12
   9.500E-06 1.257000 4.331000e-02  39  12
   9.800E-06 1.243000 4.658000e-02  40  12
  10.000E-06 1.231000 4.932000e-02  41  12
  10.600E-06 1.192000 6.520000e-02  42  12
  11.000E-06 1.166000 9.339000e-02  43  12
  11.500E-06 1.141000 1.367000e-01  44  12
  12.500E-06 1.135000 2.490000e-01  45  12
  13.000E-06 1.157000 2.932000e-01  46  12
  14.000E-06 1.218000 3.557000e-01  47  12
  14.800E-06 1.265000 3.809000e-01  48  12
  15.000E-06 1.277000 3.869000e-01  49  12
  16.400E-06 1.355000 4.131000e-01  50  12
  17.200E-06 1.401000 4.163000e-01  51  12
  18.000E-06 1.438000 4.138000e-01  52  12
  18.500E-06 1.456000 4.092000e-01  53  12
  20.000E-06 1.492000 3.831000e-01  54  12
  21.300E-06 1.502000 3.702000e-01  55  12
  22.500E-06 1.516000 3.622000e-01  56  12
  25.000E-06 1.540000 3.498000e-01  57  12
  27.900E-06 1.558000 3.364000e-01  58  12
  30.000E-06 1.560000 3.268000e-01  59  12
  35.000E-06 1.541000 3.428000e-01  60  12
  40.000E-06 1.528000 4.104000e-01  61  12