Refractive index for dry ammonuim sulfate from GACP(https://gacp.giss.nasa.gov/data_sets/), 12 RH values
Wavelength(m)  Real Part  Imaginary Part  wl_index RH_index
   0.200E-06 1.565000 1.000000e-07   1   1
   0.400E-06 1.540300 1.000000e-07   2   1
   0.600E-06 1.527300 1.000000e-07   3   1
   0.800E-06 1.519700 1.000000e-07   4   1
   1.000E-06 1.512300 3.500260e-07   5   1
   1.200E-06 1.504800 3.400170e-06   6   1
   1.400E-06 1.497300 1.100020e-05   7   1
   1.600E-06 1.489800 1.900200e-04   8   1
   1.800E-06 1.482000 7.599760e-05   9   1
   2.000E-06 1.473000 1.000000e-03  10   1
   2.200E-06 1.463000 1.699810e-03  11   1
   2.400E-06 1.449900 4.499870e-04  12   1
   2.600E-06 1.428000 6.807700e-04  13   1
   2.800E-06 1.391600 6.552390e-03  14   1
   3.000E-06 1.289700 1.024240e-01  15   1
   3.200E-06 1.490700 2.508420e-01  16   1
   3.400E-06 1.607100 1.639830e-01  17   1
   3.600E-06 1.627000 8.410070e-02  18   1
   3.800E-06 1.570000 2.734010e-02  19   1
   4.000E-06 1.543000 1.528970e-02  20   1
   4.200E-06 1.523000 1.142350e-02  21   1
   4.400E-06 1.505400 8.402340e-03  22   1
   4.600E-06 1.490000 6.686520e-03  23   1
   4.800E-06 1.476600 5.934720e-03  24   1
   5.000E-06 1.462900 6.148940e-03  25   1
   5.200E-06 1.445700 6.807330e-03  26   1
   5.400E-06 1.426582 7.490120e-03  27   1
   5.490E-06 1.418048 7.810950e-03  28   1
   5.990E-06 1.353414 1.174680e-02  29   1
   6.490E-06 1.224115 4.102270e-02  30   1
   6.990E-06 1.004190 7.888260e-01  31   1
   7.490E-06 1.610615 1.047550e-01  32   1
   7.990E-06 1.315695 7.914190e-02  33   1
   8.490E-06 0.859320 2.750770e-01  34   1
   8.990E-06 0.923574 1.626800e+00  35   1
   9.490E-06 2.725528 6.138340e-01  36   1
   9.990E-06 2.197668 1.329510e-01  37   1
  10.490E-06 1.993193 6.076220e-02  38   1
  11.990E-06 1.792637 2.020310e-02  39   1
  13.490E-06 1.688341 2.003190e-02  40   1
  14.990E-06 1.543961 2.223400e-02  41   1
  16.490E-06 2.757855 2.956680e-01  42   1
  17.990E-06 1.783815 2.191460e-02  43   1
  19.490E-06 1.708317 1.877450e-02  44   1
  20.990E-06 1.655984 2.357060e-02  45   1
  22.490E-06 1.612242 3.164590e-02  46   1
  23.990E-06 1.577303 4.125900e-02  47   1
  25.490E-06 1.534106 5.530050e-02  48   1
  26.990E-06 1.483979 7.504990e-02  49   1
  28.490E-06 1.423701 1.069340e-01  50   1
  29.990E-06 1.335476 1.716650e-01  51   1
  31.490E-06 1.235367 2.825040e-01  52   1
  41.490E-06 2.237998 6.766310e-01  53   1
  51.490E-06 1.953104 1.243950e-01  54   1
   0.200E-06 1.565000 1.000000e-07   1   2
   0.400E-06 1.540300 1.000000e-07   2   2
   0.600E-06 1.527300 1.000000e-07   3   2
   0.800E-06 1.519700 1.000000e-07   4   2
   1.000E-06 1.512300 3.500260e-07   5   2
   1.200E-06 1.504800 3.400170e-06   6   2
   1.400E-06 1.497300 1.100020e-05   7   2
   1.600E-06 1.489800 1.900200e-04   8   2
   1.800E-06 1.482000 7.599760e-05   9   2
   2.000E-06 1.473000 1.000000e-03  10   2
   2.200E-06 1.463000 1.699810e-03  11   2
   2.400E-06 1.449900 4.499870e-04  12   2
   2.600E-06 1.428000 6.807700e-04  13   2
   2.800E-06 1.391600 6.552390e-03  14   2
   3.000E-06 1.289700 1.024240e-01  15   2
   3.200E-06 1.490700 2.508420e-01  16   2
   3.400E-06 1.607100 1.639830e-01  17   2
   3.600E-06 1.627000 8.410070e-02  18   2
   3.800E-06 1.570000 2.734010e-02  19   2
   4.000E-06 1.543000 1.528970e-02  20   2
   4.200E-06 1.523000 1.142350e-02  21   2
   4.400E-06 1.505400 8.402340e-03  22   2
   4.600E-06 1.490000 6.686520e-03  23   2
   4.800E-06 1.476600 5.934720e-03  24   2
   5.000E-06 1.462900 6.148940e-03  25   2
   5.200E-06 1.445700 6.807330e-03  26   2
   5.400E-06 1.426582 7.490120e-03  27   2
   5.490E-06 1.418048 7.810950e-03  28   2
   5.990E-06 1.353414 1.174680e-02  29   2
   6.490E-06 1.224115 4.102270e-02  30   2
   6.990E-06 1.004190 7.888260e-01  31   2
   7.490E-06 1.610615 1.047550e-01  32   2
   7.990E-06 1.315695 7.914190e-02  33   2
   8.490E-06 0.859320 2.750770e-01  34   2
   8.990E-06 0.923574 1.626800e+00  35   2
   9.490E-06 2.725528 6.138340e-01  36   2
   9.990E-06 2.197668 1.329510e-01  37   2
  10.490E-06 1.993193 6.076220e-02  38   2
  11.990E-06 1.792637 2.020310e-02  39   2
  13.490E-06 1.688341 2.003190e-02  40   2
  14.990E-06 1.543961 2.223400e-02  41   2
  16.490E-06 2.757855 2.956680e-01  42   2
  17.990E-06 1.783815 2.191460e-02  43   2
  19.490E-06 1.708317 1.877450e-02  44   2
  20.990E-06 1.655984 2.357060e-02  45   2
  22.490E-06 1.612242 3.164590e-02  46   2
  23.990E-06 1.577303 4.125900e-02  47   2
  25.490E-06 1.534106 5.530050e-02  48   2
  26.990E-06 1.483979 7.504990e-02  49   2
  28.490E-06 1.423701 1.069340e-01  50   2
  29.990E-06 1.335476 1.716650e-01  51   2
  31.490E-06 1.235367 2.825040e-01  52   2
  41.490E-06 2.237998 6.766310e-01  53   2
  51.490E-06 1.953104 1.243950e-01  54   2
   0.200E-06 1.565000 1.000000e-07   1   3
   0.400E-06 1.540300 1.000000e-07   2   3
   0.600E-06 1.527300 1.000000e-07   3   3
   0.800E-06 1.519700 1.000000e-07   4   3
   1.000E-06 1.512300 3.500260e-07   5   3
   1.200E-06 1.504800 3.400170e-06   6   3
   1.400E-06 1.497300 1.100020e-05   7   3
   1.600E-06 1.489800 1.900200e-04   8   3
   1.800E-06 1.482000 7.599760e-05   9   3
   2.000E-06 1.473000 1.000000e-03  10   3
   2.200E-06 1.463000 1.699810e-03  11   3
   2.400E-06 1.449900 4.499870e-04  12   3
   2.600E-06 1.428000 6.807700e-04  13   3
   2.800E-06 1.391600 6.552390e-03  14   3
   3.000E-06 1.289700 1.024240e-01  15   3
   3.200E-06 1.490700 2.508420e-01  16   3
   3.400E-06 1.607100 1.639830e-01  17   3
   3.600E-06 1.627000 8.410070e-02  18   3
   3.800E-06 1.570000 2.734010e-02  19   3
   4.000E-06 1.543000 1.528970e-02  20   3
   4.200E-06 1.523000 1.142350e-02  21   3
   4.400E-06 1.505400 8.402340e-03  22   3
   4.600E-06 1.490000 6.686520e-03  23   3
   4.800E-06 1.476600 5.934720e-03  24   3
   5.000E-06 1.462900 6.148940e-03  25   3
   5.200E-06 1.445700 6.807330e-03  26   3
   5.400E-06 1.426582 7.490120e-03  27   3
   5.490E-06 1.418048 7.810950e-03  28   3
   5.990E-06 1.353414 1.174680e-02  29   3
   6.490E-06 1.224115 4.102270e-02  30   3
   6.990E-06 1.004190 7.888260e-01  31   3
   7.490E-06 1.610615 1.047550e-01  32   3
   7.990E-06 1.315695 7.914190e-02  33   3
   8.490E-06 0.859320 2.750770e-01  34   3
   8.990E-06 0.923574 1.626800e+00  35   3
   9.490E-06 2.725528 6.138340e-01  36   3
   9.990E-06 2.197668 1.329510e-01  37   3
  10.490E-06 1.993193 6.076220e-02  38   3
  11.990E-06 1.792637 2.020310e-02  39   3
  13.490E-06 1.688341 2.003190e-02  40   3
  14.990E-06 1.543961 2.223400e-02  41   3
  16.490E-06 2.757855 2.956680e-01  42   3
  17.990E-06 1.783815 2.191460e-02  43   3
  19.490E-06 1.708317 1.877450e-02  44   3
  20.990E-06 1.655984 2.357060e-02  45   3
  22.490E-06 1.612242 3.164590e-02  46   3
  23.990E-06 1.577303 4.125900e-02  47   3
  25.490E-06 1.534106 5.530050e-02  48   3
  26.990E-06 1.483979 7.504990e-02  49   3
  28.490E-06 1.423701 1.069340e-01  50   3
  29.990E-06 1.335476 1.716650e-01  51   3
  31.490E-06 1.235367 2.825040e-01  52   3
  41.490E-06 2.237998 6.766310e-01  53   3
  51.490E-06 1.953104 1.243950e-01  54   3
   0.200E-06 1.565000 1.000000e-07   1   4
   0.400E-06 1.540300 1.000000e-07   2   4
   0.600E-06 1.527300 1.000000e-07   3   4
   0.800E-06 1.519700 1.000000e-07   4   4
   1.000E-06 1.512300 3.500260e-07   5   4
   1.200E-06 1.504800 3.400170e-06   6   4
   1.400E-06 1.497300 1.100020e-05   7   4
   1.600E-06 1.489800 1.900200e-04   8   4
   1.800E-06 1.482000 7.599760e-05   9   4
   2.000E-06 1.473000 1.000000e-03  10   4
   2.200E-06 1.463000 1.699810e-03  11   4
   2.400E-06 1.449900 4.499870e-04  12   4
   2.600E-06 1.428000 6.807700e-04  13   4
   2.800E-06 1.391600 6.552390e-03  14   4
   3.000E-06 1.289700 1.024240e-01  15   4
   3.200E-06 1.490700 2.508420e-01  16   4
   3.400E-06 1.607100 1.639830e-01  17   4
   3.600E-06 1.627000 8.410070e-02  18   4
   3.800E-06 1.570000 2.734010e-02  19   4
   4.000E-06 1.543000 1.528970e-02  20   4
   4.200E-06 1.523000 1.142350e-02  21   4
   4.400E-06 1.505400 8.402340e-03  22   4
   4.600E-06 1.490000 6.686520e-03  23   4
   4.800E-06 1.476600 5.934720e-03  24   4
   5.000E-06 1.462900 6.148940e-03  25   4
   5.200E-06 1.445700 6.807330e-03  26   4
   5.400E-06 1.426582 7.490120e-03  27   4
   5.490E-06 1.418048 7.810950e-03  28   4
   5.990E-06 1.353414 1.174680e-02  29   4
   6.490E-06 1.224115 4.102270e-02  30   4
   6.990E-06 1.004190 7.888260e-01  31   4
   7.490E-06 1.610615 1.047550e-01  32   4
   7.990E-06 1.315695 7.914190e-02  33   4
   8.490E-06 0.859320 2.750770e-01  34   4
   8.990E-06 0.923574 1.626800e+00  35   4
   9.490E-06 2.725528 6.138340e-01  36   4
   9.990E-06 2.197668 1.329510e-01  37   4
  10.490E-06 1.993193 6.076220e-02  38   4
  11.990E-06 1.792637 2.020310e-02  39   4
  13.490E-06 1.688341 2.003190e-02  40   4
  14.990E-06 1.543961 2.223400e-02  41   4
  16.490E-06 2.757855 2.956680e-01  42   4
  17.990E-06 1.783815 2.191460e-02  43   4
  19.490E-06 1.708317 1.877450e-02  44   4
  20.990E-06 1.655984 2.357060e-02  45   4
  22.490E-06 1.612242 3.164590e-02  46   4
  23.990E-06 1.577303 4.125900e-02  47   4
  25.490E-06 1.534106 5.530050e-02  48   4
  26.990E-06 1.483979 7.504990e-02  49   4
  28.490E-06 1.423701 1.069340e-01  50   4
  29.990E-06 1.335476 1.716650e-01  51   4
  31.490E-06 1.235367 2.825040e-01  52   4
  41.490E-06 2.237998 6.766310e-01  53   4
  51.490E-06 1.953104 1.243950e-01  54   4
   0.200E-06 1.488058 1.045078e-07   1   5
   0.400E-06 1.448657 5.532007e-08   2   5
   0.600E-06 1.439104 5.943000e-08   3   5
   0.800E-06 1.433553 1.195717e-07   4   5
   1.000E-06 1.428424 1.665606e-06   5   5
   1.200E-06 1.423133 7.391716e-06   6   5
   1.400E-06 1.417517 8.987560e-05   7   5
   1.600E-06 1.411579 1.483389e-04   8   5
   1.800E-06 1.404799 1.012081e-04   9   5
   2.000E-06 1.396964 1.104703e-03  10   5
   2.200E-06 1.385530 1.086681e-03  11   5
   2.400E-06 1.370286 6.807059e-04  12   5
   2.600E-06 1.340846 1.514434e-03  13   5
   2.800E-06 1.282471 5.817965e-02  14   5
   3.000E-06 1.332100 1.758182e-01  15   5
   3.200E-06 1.486384 1.770296e-01  16   5
   3.400E-06 1.522628 9.818198e-02  17   5
   3.600E-06 1.516563 4.822300e-02  18   5
   3.800E-06 1.475917 1.643192e-02  19   5
   4.000E-06 1.454745 1.044355e-02  20   5
   4.200E-06 1.439411 9.379666e-03  21   5
   4.400E-06 1.425795 9.268057e-03  22   5
   4.600E-06 1.415799 1.036086e-02  23   5
   4.800E-06 1.407584 1.013955e-02  24   5
   5.000E-06 1.398296 9.086340e-03  25   5
   5.200E-06 1.385424 8.331314e-03  26   5
   5.400E-06 1.368750 8.798594e-03  27   5
   5.490E-06 1.360410 9.452160e-03  28   5
   5.990E-06 1.305367 5.326751e-02  29   5
   6.490E-06 1.273840 4.055982e-02  30   5
   6.990E-06 1.145267 4.455269e-01  31   5
   7.490E-06 1.470299 7.263331e-02  32   5
   7.990E-06 1.304609 5.909073e-02  33   5
   8.490E-06 1.048830 1.667651e-01  34   5
   8.990E-06 1.076500 9.045342e-01  35   5
   9.490E-06 2.048973 3.549121e-01  36   5
   9.990E-06 1.750109 9.666557e-02  37   5
  10.490E-06 1.624648 6.458090e-02  38   5
  11.990E-06 1.491718 1.027211e-01  39   5
  13.490E-06 1.460580 1.642153e-01  40   5
  14.990E-06 1.423972 1.912288e-01  41   5
  16.490E-06 2.118127 3.626893e-01  42   5
  17.990E-06 1.614482 2.063484e-01  43   5
  19.490E-06 1.594658 2.022074e-01  44   5
  20.990E-06 1.580810 1.994807e-01  45   5
  22.490E-06 1.566913 1.988404e-01  46   5
  23.990E-06 1.555149 1.994612e-01  47   5
  25.490E-06 1.536845 2.023119e-01  48   5
  26.990E-06 1.513494 2.085089e-01  49   5
  28.490E-06 1.482131 2.219096e-01  50   5
  29.990E-06 1.433520 2.544704e-01  51   5
  31.490E-06 1.376435 3.152259e-01  52   5
  41.490E-06 1.913545 5.666692e-01  53   5
  51.490E-06 1.802539 3.348723e-01  54   5
   0.200E-06 1.479307 1.050203e-07   1   6
   0.400E-06 1.438235 5.023865e-08   2   6
   0.600E-06 1.429073 5.481600e-08   3   6
   0.800E-06 1.423755 1.217976e-07   4   6
   1.000E-06 1.418885 1.815227e-06   5   6
   1.200E-06 1.413845 7.845670e-06   6   6
   1.400E-06 1.408443 9.884595e-05   7   6
   1.600E-06 1.402683 1.435987e-04   8   6
   1.800E-06 1.396019 1.040751e-04   9   6
   2.000E-06 1.388316 1.116612e-03  10   6
   2.200E-06 1.376719 1.016952e-03  11   6
   2.400E-06 1.361231 7.069454e-04  12   6
   2.600E-06 1.330935 1.609245e-03  13   6
   2.800E-06 1.270059 6.405117e-02  14   6
   3.000E-06 1.336922 1.841654e-01  15   6
   3.200E-06 1.485893 1.686350e-01  16   6
   3.400E-06 1.513021 9.069856e-02  17   6
   3.600E-06 1.504003 4.414268e-02  18   6
   3.800E-06 1.465217 1.519134e-02  19   6
   4.000E-06 1.444708 9.892380e-03  20   6
   4.200E-06 1.429905 9.147219e-03  21   6
   4.400E-06 1.416741 9.366512e-03  22   6
   4.600E-06 1.407361 1.077875e-02  23   6
   4.800E-06 1.399735 1.061777e-02  24   6
   5.000E-06 1.390949 9.420405e-03  25   6
   5.200E-06 1.378570 8.504625e-03  26   6
   5.400E-06 1.362173 8.947405e-03  27   6
   5.490E-06 1.353855 9.638796e-03  28   6
   5.990E-06 1.299903 5.798953e-02  29   6
   6.490E-06 1.279495 4.050624e-02  30   6
   6.990E-06 1.161312 4.064835e-01  31   6
   7.490E-06 1.454340 6.898001e-02  32   6
   7.990E-06 1.303348 5.681017e-02  33   6
   8.490E-06 1.070383 1.544453e-01  34   6
   8.990E-06 1.093892 8.223916e-01  35   6
   9.490E-06 1.972029 3.254626e-01  36   6
   9.990E-06 1.699208 9.253680e-02  37   6
  10.490E-06 1.582734 6.501290e-02  38   6
  11.990E-06 1.457494 1.121056e-01  39   6
  13.490E-06 1.434677 1.806130e-01  40   6
  14.990E-06 1.410326 2.104481e-01  41   6
  16.490E-06 2.045372 3.689535e-01  42   6
  17.990E-06 1.595223 2.273198e-01  43   6
  19.490E-06 1.581732 2.230688e-01  44   6
  20.990E-06 1.572261 2.194863e-01  45   6
  22.490E-06 1.561758 2.178551e-01  46   6
  23.990E-06 1.552630 2.174519e-01  47   6
  25.490E-06 1.537157 2.190282e-01  48   6
  26.990E-06 1.516851 2.236852e-01  49   6
  28.490E-06 1.488776 2.349782e-01  50   6
  29.990E-06 1.444671 2.638618e-01  51   6
  31.490E-06 1.392479 3.189154e-01  52   6
  41.490E-06 1.876645 5.540867e-01  53   6
  51.490E-06 1.785415 3.588000e-01  54   6
   0.200E-06 1.470557 1.055329e-07   1   7
   0.400E-06 1.427813 4.515724e-08   2   7
   0.600E-06 1.419043 5.020200e-08   3   7
   0.800E-06 1.413958 1.240234e-07   4   7
   1.000E-06 1.409346 1.964848e-06   5   7
   1.200E-06 1.404557 8.299623e-06   6   7
   1.400E-06 1.399370 1.078163e-04   7   7
   1.600E-06 1.393787 1.388585e-04   8   7
   1.800E-06 1.387239 1.069420e-04   9   7
   2.000E-06 1.379669 1.128521e-03  10   7
   2.200E-06 1.367909 9.472221e-04  11   7
   2.400E-06 1.352177 7.331849e-04  12   7
   2.600E-06 1.321023 1.704057e-03  13   7
   2.800E-06 1.257648 6.992268e-02  14   7
   3.000E-06 1.341744 1.925126e-01  15   7
   3.200E-06 1.485402 1.602403e-01  16   7
   3.400E-06 1.503414 8.321514e-02  17   7
   3.600E-06 1.491444 4.006235e-02  18   7
   3.800E-06 1.454517 1.395076e-02  19   7
   4.000E-06 1.434670 9.341209e-03  20   7
   4.200E-06 1.420398 8.914773e-03  21   7
   4.400E-06 1.407688 9.464968e-03  22   7
   4.600E-06 1.398922 1.119663e-02  23   7
   4.800E-06 1.391886 1.109598e-02  24   7
   5.000E-06 1.383601 9.754470e-03  25   7
   5.200E-06 1.371715 8.677937e-03  26   7
   5.400E-06 1.355595 9.096216e-03  27   7
   5.490E-06 1.347300 9.825431e-03  28   7
   5.990E-06 1.294438 6.271155e-02  29   7
   6.490E-06 1.285150 4.045266e-02  30   7
   6.990E-06 1.177357 3.674400e-01  31   7
   7.490E-06 1.438382 6.532671e-02  32   7
   7.990E-06 1.302087 5.452962e-02  33   7
   8.490E-06 1.091935 1.421255e-01  34   7
   8.990E-06 1.111284 7.402491e-01  35   7
   9.490E-06 1.895084 2.960131e-01  36   7
   9.990E-06 1.648308 8.840803e-02  37   7
  10.490E-06 1.540819 6.544490e-02  38   7
  11.990E-06 1.423271 1.214901e-01  39   7
  13.490E-06 1.408774 1.970107e-01  40   7
  14.990E-06 1.396680 2.296674e-01  41   7
  16.490E-06 1.972616 3.752176e-01  42   7
  17.990E-06 1.575965 2.482912e-01  43   7
  19.490E-06 1.568806 2.439302e-01  44   7
  20.990E-06 1.563711 2.394918e-01  45   7
  22.490E-06 1.556603 2.368697e-01  46   7
  23.990E-06 1.550110 2.354426e-01  47   7
  25.490E-06 1.537468 2.357444e-01  48   7
  26.990E-06 1.520208 2.388614e-01  49   7
  28.490E-06 1.495421 2.480468e-01  50   7
  29.990E-06 1.455821 2.732532e-01  51   7
  31.490E-06 1.408523 3.226050e-01  52   7
  41.490E-06 1.839745 5.415041e-01  53   7
  51.490E-06 1.768291 3.827277e-01  54   7
   0.200E-06 1.461806 1.060454e-07   1   8
   0.400E-06 1.417390 4.007582e-08   2   8
   0.600E-06 1.409013 4.558800e-08   3   8
   0.800E-06 1.404160 1.262492e-07   4   8
   1.000E-06 1.399807 2.114469e-06   5   8
   1.200E-06 1.395269 8.753576e-06   6   8
   1.400E-06 1.390296 1.167867e-04   7   8
   1.600E-06 1.384891 1.341182e-04   8   8
   1.800E-06 1.378459 1.098090e-04   9   8
   2.000E-06 1.371021 1.140431e-03  10   8
   2.200E-06 1.359098 8.774925e-04  11   8
   2.400E-06 1.343122 7.594245e-04  12   8
   2.600E-06 1.311111 1.798868e-03  13   8
   2.800E-06 1.245236 7.579419e-02  14   8
   3.000E-06 1.346566 2.008598e-01  15   8
   3.200E-06 1.484912 1.518456e-01  16   8
   3.400E-06 1.493807 7.573172e-02  17   8
   3.600E-06 1.478884 3.598202e-02  18   8
   3.800E-06 1.443817 1.271018e-02  19   8
   4.000E-06 1.424633 8.790039e-03  20   8
   4.200E-06 1.410892 8.682326e-03  21   8
   4.400E-06 1.398634 9.563425e-03  22   8
   4.600E-06 1.390483 1.161452e-02  23   8
   4.800E-06 1.384037 1.157419e-02  24   8
   5.000E-06 1.376254 1.008854e-02  25   8
   5.200E-06 1.364860 8.851249e-03  26   8
   5.400E-06 1.349018 9.245029e-03  27   8
   5.490E-06 1.340745 1.001207e-02  28   8
   5.990E-06 1.288974 6.743358e-02  29   8
   6.490E-06 1.290805 4.039908e-02  30   8
   6.990E-06 1.193401 3.283965e-01  31   8
   7.490E-06 1.422424 6.167340e-02  32   8
   7.990E-06 1.300826 5.224906e-02  33   8
   8.490E-06 1.113488 1.298058e-01  34   8
   8.990E-06 1.128676 6.581065e-01  35   8
   9.490E-06 1.818140 2.665635e-01  36   8
   9.990E-06 1.597407 8.427927e-02  37   8
  10.490E-06 1.498905 6.587690e-02  38   8
  11.990E-06 1.389047 1.308745e-01  39   8
  13.490E-06 1.382871 2.134083e-01  40   8
  14.990E-06 1.383033 2.488867e-01  41   8
  16.490E-06 1.899861 3.814818e-01  42   8
  17.990E-06 1.556707 2.692626e-01  43   8
  19.490E-06 1.555879 2.647916e-01  44   8
  20.990E-06 1.555162 2.594974e-01  45   8
  22.490E-06 1.551447 2.558843e-01  46   8
  23.990E-06 1.547590 2.534333e-01  47   8
  25.490E-06 1.537780 2.524607e-01  48   8
  26.990E-06 1.523564 2.540377e-01  49   8
  28.490E-06 1.502067 2.611154e-01  50   8
  29.990E-06 1.466972 2.826446e-01  51   8
  31.490E-06 1.424566 3.262945e-01  52   8
  41.490E-06 1.802845 5.289215e-01  53   8
  51.490E-06 1.751168 4.066553e-01  54   8
   0.200E-06 1.453056 1.065580e-07   1   9
   0.400E-06 1.406968 3.499440e-08   2   9
   0.600E-06 1.398982 4.097400e-08   3   9
   0.800E-06 1.394363 1.284750e-07   4   9
   1.000E-06 1.390268 2.264090e-06   5   9
   1.200E-06 1.385981 9.207530e-06   6   9
   1.400E-06 1.381223 1.257570e-04   7   9
   1.600E-06 1.375995 1.293780e-04   8   9
   1.800E-06 1.369679 1.126760e-04   9   9
   2.000E-06 1.362374 1.152340e-03  10   9
   2.200E-06 1.350288 8.077630e-04  11   9
   2.400E-06 1.334068 7.856640e-04  12   9
   2.600E-06 1.301199 1.893680e-03  13   9
   2.800E-06 1.232825 8.166570e-02  14   9
   3.000E-06 1.351388 2.092070e-01  15   9
   3.200E-06 1.484421 1.434510e-01  16   9
   3.400E-06 1.484200 6.824830e-02  17   9
   3.600E-06 1.466324 3.190170e-02  18   9
   3.800E-06 1.433117 1.146960e-02  19   9
   4.000E-06 1.414596 8.238870e-03  20   9
   4.200E-06 1.401385 8.449880e-03  21   9
   4.400E-06 1.389581 9.661880e-03  22   9
   4.600E-06 1.382044 1.203240e-02  23   9
   4.800E-06 1.376188 1.205240e-02  24   9
   5.000E-06 1.368907 1.042260e-02  25   9
   5.200E-06 1.358005 9.024560e-03  26   9
   5.400E-06 1.342441 9.393840e-03  27   9
   5.490E-06 1.334190 1.019870e-02  28   9
   5.990E-06 1.283510 7.215560e-02  29   9
   6.490E-06 1.296460 4.034550e-02  30   9
   6.990E-06 1.209446 2.893530e-01  31   9
   7.490E-06 1.406466 5.802010e-02  32   9
   7.990E-06 1.299565 4.996850e-02  33   9
   8.490E-06 1.135041 1.174860e-01  34   9
   8.990E-06 1.146068 5.759640e-01  35   9
   9.490E-06 1.741196 2.371140e-01  36   9
   9.990E-06 1.546507 8.015050e-02  37   9
  10.490E-06 1.456991 6.630890e-02  38   9
  11.990E-06 1.354824 1.402590e-01  39   9
  13.490E-06 1.356968 2.298060e-01  40   9
  14.990E-06 1.369387 2.681060e-01  41   9
  16.490E-06 1.827105 3.877460e-01  42   9
  17.990E-06 1.537449 2.902340e-01  43   9
  19.490E-06 1.542953 2.856530e-01  44   9
  20.990E-06 1.546612 2.795030e-01  45   9
  22.490E-06 1.546292 2.748990e-01  46   9
  23.990E-06 1.545071 2.714240e-01  47   9
  25.490E-06 1.538091 2.691770e-01  48   9
  26.990E-06 1.526921 2.692140e-01  49   9
  28.490E-06 1.508712 2.741840e-01  50   9
  29.990E-06 1.478122 2.920360e-01  51   9
  31.490E-06 1.440610 3.299840e-01  52   9
  41.490E-06 1.765945 5.163390e-01  53   9
  51.490E-06 1.734044 4.305830e-01  54   9
   0.200E-06 1.438041 1.074377e-07   1  10
   0.400E-06 1.389084 2.627537e-08   2  10
   0.600E-06 1.381771 3.305697e-08   3  10
   0.800E-06 1.377552 1.322942e-07   4  10
   1.000E-06 1.373900 2.520819e-06   5  10
   1.200E-06 1.370044 9.986469e-06   6  10
   1.400E-06 1.365654 1.411491e-04   7  10
   1.600E-06 1.360731 1.212441e-04   8  10
   1.800E-06 1.354613 1.175957e-04   9  10
   2.000E-06 1.347536 1.172774e-03  10  10
   2.200E-06 1.335170 6.881154e-04  11  10
   2.400E-06 1.318532 8.306877e-04  12  10
   2.600E-06 1.284191 2.056367e-03  13  10
   2.800E-06 1.211529 9.174052e-02  14  10
   3.000E-06 1.359662 2.235296e-01  15  10
   3.200E-06 1.483579 1.290469e-01  16  10
   3.400E-06 1.467716 5.540759e-02  17  10
   3.600E-06 1.444773 2.490037e-02  18  10
   3.800E-06 1.414757 9.340929e-03  19  10
   4.000E-06 1.397373 7.293154e-03  20  10
   4.200E-06 1.385073 8.051033e-03  21  10
   4.400E-06 1.374046 9.830832e-03  22  10
   4.600E-06 1.367564 1.274943e-02  23  10
   4.800E-06 1.362720 1.287295e-02  24  10
   5.000E-06 1.356300 1.099584e-02  25  10
   5.200E-06 1.346243 9.321939e-03  26  10
   5.400E-06 1.331155 9.649171e-03  27  10
   5.490E-06 1.322942 1.051896e-02  28  10
   5.990E-06 1.274134 8.025808e-02  29  10
   6.490E-06 1.306163 4.025226e-02  30  10
   6.990E-06 1.236977 2.223431e-01  31  10
   7.490E-06 1.379084 5.175110e-02  32  10
   7.990E-06 1.297402 4.605492e-02  33  10
   8.490E-06 1.172023 9.632758e-02  34  10
   8.990E-06 1.175910 4.350098e-01  35  10
   9.490E-06 1.609170 1.865324e-01  36  10
   9.990E-06 1.459169 7.305785e-02  37  10
  10.490E-06 1.385072 6.704716e-02  38  10
  11.990E-06 1.296101 1.563611e-01  39  10
  13.490E-06 1.312521 2.579426e-01  40  10
  14.990E-06 1.345972 3.010842e-01  41  10
  16.490E-06 1.702266 3.965381e-01  42  10
  17.990E-06 1.504405 3.262179e-01  43  10
  19.490E-06 1.520773 3.214485e-01  44  10
  20.990E-06 1.531942 3.138298e-01  45  10
  22.490E-06 1.537446 3.075256e-01  46  10
  23.990E-06 1.540748 3.022937e-01  47  10
  25.490E-06 1.538625 2.978591e-01  48  10
  26.990E-06 1.532681 2.952540e-01  49  10
  28.490E-06 1.520114 2.966053e-01  50  10
  29.990E-06 1.497255 3.081307e-01  51  10
  31.490E-06 1.468139 3.362761e-01  52  10
  41.490E-06 1.702630 4.945493e-01  53  10
  51.490E-06 1.704662 4.716370e-01  54  10
   0.200E-06 1.423027 1.083175e-07   1  11
   0.400E-06 1.371201 1.755634e-08   2  11
   0.600E-06 1.364560 2.513995e-08   3  11
   0.800E-06 1.360740 1.361134e-07   4  11
   1.000E-06 1.357532 2.777548e-06   5  11
   1.200E-06 1.354107 1.076541e-05   6  11
   1.400E-06 1.350085 1.565412e-04   7  11
   1.600E-06 1.345466 1.131102e-04   8  11
   1.800E-06 1.339548 1.225155e-04   9  11
   2.000E-06 1.332698 1.193208e-03  10  11
   2.200E-06 1.320052 5.684677e-04  11  11
   2.400E-06 1.302995 8.757114e-04  12  11
   2.600E-06 1.267184 2.219054e-03  13  11
   2.800E-06 1.190233 1.018153e-01  14  11
   3.000E-06 1.367936 2.378523e-01  15  11
   3.200E-06 1.482736 1.146429e-01  16  11
   3.400E-06 1.451232 4.256688e-02  17  11
   3.600E-06 1.423222 1.789903e-02  18  11
   3.800E-06 1.396398 7.212258e-03  19  11
   4.000E-06 1.380151 6.347438e-03  20  11
   4.200E-06 1.368761 7.652185e-03  21  11
   4.400E-06 1.358512 9.999786e-03  22  11
   4.600E-06 1.353084 1.346645e-02  23  11
   4.800E-06 1.349252 1.369350e-02  24  11
   5.000E-06 1.343693 1.156907e-02  25  11
   5.200E-06 1.334480 9.619318e-03  26  11
   5.400E-06 1.319870 9.904504e-03  27  11
   5.490E-06 1.311694 1.083923e-02  28  11
   5.990E-06 1.264758 8.836055e-02  29  11
   6.490E-06 1.315867 4.015903e-02  30  11
   6.990E-06 1.264507 1.553332e-01  31  11
   7.490E-06 1.351702 4.548210e-02  32  11
   7.990E-06 1.295238 4.214134e-02  33  11
   8.490E-06 1.209004 7.516915e-02  34  11
   8.990E-06 1.205753 2.940557e-01  35  11
   9.490E-06 1.477143 1.359508e-01  36  11
   9.990E-06 1.371830 6.596518e-02  37  11
  10.490E-06 1.313152 6.778543e-02  38  11
  11.990E-06 1.237379 1.724632e-01  39  11
  13.490E-06 1.268075 2.860792e-01  40  11
  14.990E-06 1.322556 3.340623e-01  41  11
  16.490E-06 1.577426 4.053302e-01  42  11
  17.990E-06 1.471360 3.622019e-01  43  11
  19.490E-06 1.498594 3.572440e-01  44  11
  20.990E-06 1.517272 3.481567e-01  45  11
  22.490E-06 1.528601 3.401522e-01  46  11
  23.990E-06 1.536425 3.331635e-01  47  11
  25.490E-06 1.539160 3.265412e-01  48  11
  26.990E-06 1.538440 3.212940e-01  49  11
  28.490E-06 1.531516 3.190266e-01  50  11
  29.990E-06 1.516388 3.242255e-01  51  11
  31.490E-06 1.495668 3.425682e-01  52  11
  41.490E-06 1.639314 4.727595e-01  53  11
  51.490E-06 1.675280 5.126909e-01  54  11
   0.200E-06 1.408012 1.091972e-07   1  12
   0.400E-06 1.353317 8.837313e-09   2  12
   0.600E-06 1.347349 1.722292e-08   3  12
   0.800E-06 1.343929 1.399326e-07   4  12
   1.000E-06 1.341164 3.034277e-06   5  12
   1.200E-06 1.338170 1.154435e-05   6  12
   1.400E-06 1.334515 1.719333e-04   7  12
   1.600E-06 1.330202 1.049762e-04   8  12
   1.800E-06 1.324482 1.274352e-04   9  12
   2.000E-06 1.317860 1.213643e-03  10  12
   2.200E-06 1.304934 4.488201e-04  11  12
   2.400E-06 1.287459 9.207351e-04  12  12
   2.600E-06 1.250176 2.381740e-03  13  12
   2.800E-06 1.168937 1.118901e-01  14  12
   3.000E-06 1.376211 2.521749e-01  15  12
   3.200E-06 1.481894 1.002388e-01  16  12
   3.400E-06 1.434747 2.972617e-02  17  12
   3.600E-06 1.401671 1.089770e-02  18  12
   3.800E-06 1.378038 5.083587e-03  19  12
   4.000E-06 1.362928 5.401723e-03  20  12
   4.200E-06 1.352450 7.253338e-03  21  12
   4.400E-06 1.342978 1.016874e-02  22  12
   4.600E-06 1.338604 1.418348e-02  23  12
   4.800E-06 1.335784 1.451406e-02  24  12
   5.000E-06 1.331086 1.214231e-02  25  12
   5.200E-06 1.322718 9.916697e-03  26  12
   5.400E-06 1.308584 1.015984e-02  27  12
   5.490E-06 1.300446 1.115949e-02  28  12
   5.990E-06 1.255382 9.646302e-02  29  12
   6.490E-06 1.325570 4.006579e-02  30  12
   6.990E-06 1.292038 8.832324e-02  31  12
   7.490E-06 1.324320 3.921310e-02  32  12
   7.990E-06 1.293075 3.822776e-02  33  12
   8.490E-06 1.245986 5.401073e-02  34  12
   8.990E-06 1.235595 1.531015e-01  35  12
   9.490E-06 1.345117 8.536918e-02  36  12
   9.990E-06 1.284492 5.887253e-02  37  12
  10.490E-06 1.241233 6.852369e-02  38  12
  11.990E-06 1.178656 1.885653e-01  39  12
  13.490E-06 1.223628 3.142157e-01  40  12
  14.990E-06 1.299141 3.670405e-01  41  12
  16.490E-06 1.452587 4.141223e-01  42  12
  17.990E-06 1.438316 3.981858e-01  43  12
  19.490E-06 1.476414 3.930396e-01  44  12
  20.990E-06 1.502602 3.824835e-01  45  12
  22.490E-06 1.519755 3.727787e-01  46  12
  23.990E-06 1.532102 3.640332e-01  47  12
  25.490E-06 1.539694 3.552233e-01  48  12
  26.990E-06 1.544199 3.473340e-01  49  12
  28.490E-06 1.542918 3.414479e-01  50  12
  29.990E-06 1.535521 3.403202e-01  51  12
  31.490E-06 1.523197 3.488603e-01  52  12
  41.490E-06 1.575999 4.509698e-01  53  12
  51.490E-06 1.645898 5.537449e-01  54  12
