Refractive index for waso from OPAC, 12 RH values. Growth factors computed from rmod in OPAC tables
Wavelength(m)  Real Part  Imaginary Part  wl_index RH_index   
   0.250e-06 1.530000 3.000000e-02   1   1
   0.300e-06 1.530000 8.000000e-03   2   1
   0.350e-06 1.530000 5.000000e-03   3   1
   0.400e-06 1.530000 5.000000e-03   4   1
   0.450e-06 1.530000 5.000000e-03   5   1
   0.500e-06 1.530000 5.000000e-03   6   1
   0.550e-06 1.530000 6.000000e-03   7   1
   0.600e-06 1.530000 6.000000e-03   8   1
   0.650e-06 1.530000 7.000000e-03   9   1
   0.700e-06 1.530000 7.000000e-03  10   1
   0.750e-06 1.530000 8.500000e-03  11   1
   0.800e-06 1.520000 1.000000e-02  12   1
   0.900e-06 1.520000 1.300000e-02  13   1
   1.000e-06 1.520000 1.550000e-02  14   1
   1.250e-06 1.510000 1.900000e-02  15   1
   1.500e-06 1.510000 2.250000e-02  16   1
   1.750e-06 1.470000 1.750000e-02  17   1
   2.000e-06 1.420000 8.000000e-03  18   1
   2.500e-06 1.420000 1.200000e-02  19   1
   3.000e-06 1.420000 2.200000e-02  20   1
   3.200e-06 1.430000 8.000000e-03  21   1
   3.390e-06 1.430000 7.050000e-03  22   1
   3.500e-06 1.450000 5.000000e-03  23   1
   3.750e-06 1.452000 4.000000e-03  24   1
   4.000e-06 1.455000 5.000000e-03  25   1
   4.500e-06 1.460000 1.300000e-02  26   1
   5.000e-06 1.450000 1.200000e-02  27   1
   5.500e-06 1.440000 1.800000e-02  28   1
   6.000e-06 1.410000 2.300000e-02  29   1
   6.200e-06 1.430000 2.700000e-02  30   1
   6.500e-06 1.460000 3.300000e-02  31   1
   7.200e-06 1.400000 7.000000e-02  32   1
   7.900e-06 1.200000 6.500000e-02  33   1
   8.200e-06 1.010000 1.000000e-01  34   1
   8.500e-06 1.300000 2.150000e-01  35   1
   8.700e-06 2.400000 2.900000e-01  36   1
   9.000e-06 2.560000 3.700000e-01  37   1
   9.200e-06 2.200000 4.200000e-01  38   1
   9.500e-06 1.950000 1.600000e-01  39   1
   9.800e-06 1.870000 9.500000e-02  40   1
  10.000e-06 1.820000 9.000000e-02  41   1
  10.600e-06 1.760000 7.000000e-02  42   1
  11.000e-06 1.720000 5.000000e-02  43   1
  11.500e-06 1.670000 4.700000e-02  44   1
  12.500e-06 1.620000 5.300000e-02  45   1
  13.000e-06 1.620000 5.500000e-02  46   1
  14.000e-06 1.560000 7.300000e-02  47   1
  14.800e-06 1.440000 1.000000e-01  48   1
  15.000e-06 1.420000 2.000000e-01  49   1
  16.400e-06 1.750000 1.600000e-01  50   1
  17.200e-06 2.080000 2.420000e-01  51   1
  18.000e-06 1.980000 1.800000e-01  52   1
  18.500e-06 1.850000 1.700000e-01  53   1
  20.000e-06 2.120000 2.200000e-01  54   1
  21.300e-06 2.060000 2.300000e-01  55   1
  22.500e-06 2.000000 2.400000e-01  56   1
  25.000e-06 1.880000 2.800000e-01  57   1
  27.900e-06 1.840000 2.900000e-01  58   1
  30.000e-06 1.820000 3.000000e-01  59   1
  35.000e-06 1.920000 4.000000e-01  60   1
  40.000e-06 1.860000 5.000000e-01  61   1
   0.250e-06 1.514200 2.717800e-02   1   2
   0.300e-06 1.513000 7.247600e-03   2   2
   0.350e-06 1.512400 4.529800e-03   3   2
   0.400e-06 1.512000 4.529800e-03   4   2
   0.450e-06 1.511800 4.529800e-03   5   2
   0.500e-06 1.511600 4.529800e-03   6   2
   0.550e-06 1.511400 5.435800e-03   7   2
   0.600e-06 1.511400 5.435800e-03   8   2
   0.650e-06 1.511200 6.341800e-03   9   2
   0.700e-06 1.511200 6.341800e-03  10   2
   0.750e-06 1.511200 7.700600e-03  11   2
   0.800e-06 1.502000 9.059600e-03  12   2
   0.900e-06 1.502000 1.177740e-02  13   2
   1.000e-06 1.501800 1.404260e-02  14   2
   1.250e-06 1.492400 1.721400e-02  15   2
   1.500e-06 1.492200 2.040200e-02  16   2
   1.750e-06 1.455200 1.586360e-02  17   2
   2.000e-06 1.409200 7.351200e-03  18   2
   2.500e-06 1.405000 1.103520e-02  19   2
   3.000e-06 1.415400 4.552000e-02  20   2
   3.200e-06 1.434600 1.593800e-02  21   2
   3.390e-06 1.429400 8.564000e-03  22   2
   3.500e-06 1.445200 5.413800e-03  23   2
   3.750e-06 1.444200 3.953000e-03  24   2
   4.000e-06 1.445200 4.962400e-03  25   2
   4.500e-06 1.448000 1.303800e-02  26   2
   5.000e-06 1.438200 1.203800e-02  27   2
   5.500e-06 1.426600 1.739800e-02  28   2
   6.000e-06 1.396400 3.090000e-02  29   2
   6.200e-06 1.423600 3.273600e-02  30   2
   6.500e-06 1.448600 3.358400e-02  31   2
   7.200e-06 1.391800 6.643600e-02  32   2
   7.900e-06 1.208800 6.207600e-02  33   2
   8.200e-06 1.036000 9.389600e-02  34   2
   8.500e-06 1.298000 1.982400e-01  35   2
   8.700e-06 2.294000 2.663000e-01  36   2
   9.000e-06 2.438000 3.389600e-01  37   2
   9.200e-06 2.111200 3.844000e-01  38   2
   9.500e-06 1.883600 1.491200e-01  39   2
   9.800e-06 1.809800 9.057000e-02  40   2
  10.000e-06 1.763400 8.631400e-02  41   2
  10.600e-06 1.705400 6.975600e-02  42   2
  11.000e-06 1.666600 5.440200e-02  43   2
  11.500e-06 1.618800 5.593400e-02  44   2
  12.500e-06 1.573200 7.238000e-02  45   2
  13.000e-06 1.575400 7.852000e-02  46   2
  14.000e-06 1.527000 1.009400e-01  47   2
  14.800e-06 1.422800 1.278400e-01  48   2
  15.000e-06 1.405800 2.190000e-01  49   2
  16.400e-06 1.712000 1.851000e-01  50   2
  17.200e-06 2.014800 2.595800e-01  51   2
  18.000e-06 1.927600 2.031400e-01  52   2
  18.500e-06 1.811800 1.936000e-01  53   2
  20.000e-06 2.059800 2.362600e-01  54   2
  21.300e-06 2.006400 2.440200e-01  55   2
  22.500e-06 1.953600 2.522200e-01  56   2
  25.000e-06 1.847200 2.871400e-01  57   2
  27.900e-06 1.812600 2.946000e-01  58   2
  30.000e-06 1.794800 3.026400e-01  59   2
  35.000e-06 1.883600 3.939800e-01  60   2
  40.000e-06 1.828000 4.891800e-01  61   2
   0.250e-06 1.498400 2.435600e-02   1   3
   0.300e-06 1.496000 6.495200e-03   2   3
   0.350e-06 1.494800 4.059600e-03   3   3
   0.400e-06 1.494000 4.059600e-03   4   3
   0.450e-06 1.493600 4.059600e-03   5   3
   0.500e-06 1.493200 4.059600e-03   6   3
   0.550e-06 1.492800 4.871600e-03   7   3
   0.600e-06 1.492800 4.871600e-03   8   3
   0.650e-06 1.492400 5.683600e-03   9   3
   0.700e-06 1.492400 5.683600e-03  10   3
   0.750e-06 1.492400 6.901200e-03  11   3
   0.800e-06 1.484000 8.119199e-03  12   3
   0.900e-06 1.484000 1.055480e-02  13   3
   1.000e-06 1.483600 1.258520e-02  14   3
   1.250e-06 1.474800 1.542800e-02  15   3
   1.500e-06 1.474400 1.830400e-02  16   3
   1.750e-06 1.440400 1.422720e-02  17   3
   2.000e-06 1.398400 6.702400e-03  18   3
   2.500e-06 1.390000 1.007040e-02  19   3
   3.000e-06 1.410800 6.904000e-02  20   3
   3.200e-06 1.439200 2.387600e-02  21   3
   3.390e-06 1.428800 1.007800e-02  22   3
   3.500e-06 1.440400 5.827600e-03  23   3
   3.750e-06 1.436400 3.906000e-03  24   3
   4.000e-06 1.435400 4.924800e-03  25   3
   4.500e-06 1.436000 1.307600e-02  26   3
   5.000e-06 1.426400 1.207600e-02  27   3
   5.500e-06 1.413200 1.679600e-02  28   3
   6.000e-06 1.382800 3.880000e-02  29   3
   6.200e-06 1.417200 3.847200e-02  30   3
   6.500e-06 1.437200 3.416800e-02  31   3
   7.200e-06 1.383600 6.287200e-02  32   3
   7.900e-06 1.217600 5.915200e-02  33   3
   8.200e-06 1.062000 8.779200e-02  34   3
   8.500e-06 1.296000 1.814800e-01  35   3
   8.700e-06 2.188000 2.426000e-01  36   3
   9.000e-06 2.316000 3.079200e-01  37   3
   9.200e-06 2.022400 3.488000e-01  38   3
   9.500e-06 1.817200 1.382400e-01  39   3
   9.800e-06 1.749600 8.614000e-02  40   3
  10.000e-06 1.706800 8.262800e-02  41   3
  10.600e-06 1.650800 6.951200e-02  42   3
  11.000e-06 1.613200 5.880400e-02  43   3
  11.500e-06 1.567600 6.486800e-02  44   3
  12.500e-06 1.526400 9.176000e-02  45   3
  13.000e-06 1.530800 1.020400e-01  46   3
  14.000e-06 1.494000 1.288800e-01  47   3
  14.800e-06 1.405600 1.556800e-01  48   3
  15.000e-06 1.391600 2.380000e-01  49   3
  16.400e-06 1.674000 2.102000e-01  50   3
  17.200e-06 1.949600 2.771600e-01  51   3
  18.000e-06 1.875200 2.262800e-01  52   3
  18.500e-06 1.773600 2.172000e-01  53   3
  20.000e-06 1.999600 2.525200e-01  54   3
  21.300e-06 1.952800 2.580400e-01  55   3
  22.500e-06 1.907200 2.644400e-01  56   3
  25.000e-06 1.814400 2.942800e-01  57   3
  27.900e-06 1.785200 2.992000e-01  58   3
  30.000e-06 1.769600 3.052800e-01  59   3
  35.000e-06 1.847200 3.879600e-01  60   3
  40.000e-06 1.796000 4.783600e-01  61   3
   0.250e-06 1.482600 2.153400e-02   1   4
   0.300e-06 1.479000 5.742800e-03   2   4
   0.350e-06 1.477200 3.589400e-03   3   4
   0.400e-06 1.476000 3.589400e-03   4   4
   0.450e-06 1.475400 3.589400e-03   5   4
   0.500e-06 1.474800 3.589400e-03   6   4
   0.550e-06 1.474200 4.307400e-03   7   4
   0.600e-06 1.474200 4.307400e-03   8   4
   0.650e-06 1.473600 5.025400e-03   9   4
   0.700e-06 1.473600 5.025400e-03  10   4
   0.750e-06 1.473600 6.101800e-03  11   4
   0.800e-06 1.466000 7.178800e-03  12   4
   0.900e-06 1.466000 9.332201e-03  13   4
   1.000e-06 1.465400 1.112780e-02  14   4
   1.250e-06 1.457200 1.364200e-02  15   4
   1.500e-06 1.456600 1.620600e-02  16   4
   1.750e-06 1.425600 1.259080e-02  17   4
   2.000e-06 1.387600 6.053600e-03  18   4
   2.500e-06 1.375000 9.105600e-03  19   4
   3.000e-06 1.406200 9.255999e-02  20   4
   3.200e-06 1.443800 3.181400e-02  21   4
   3.390e-06 1.428200 1.159200e-02  22   4
   3.500e-06 1.435600 6.241400e-03  23   4
   3.750e-06 1.428600 3.859000e-03  24   4
   4.000e-06 1.425600 4.887200e-03  25   4
   4.500e-06 1.424000 1.311400e-02  26   4
   5.000e-06 1.414600 1.211400e-02  27   4
   5.500e-06 1.399800 1.619400e-02  28   4
   6.000e-06 1.369200 4.670000e-02  29   4
   6.200e-06 1.410800 4.420800e-02  30   4
   6.500e-06 1.425800 3.475200e-02  31   4
   7.200e-06 1.375400 5.930800e-02  32   4
   7.900e-06 1.226400 5.622800e-02  33   4
   8.200e-06 1.088000 8.168800e-02  34   4
   8.500e-06 1.294000 1.647200e-01  35   4
   8.700e-06 2.082000 2.189000e-01  36   4
   9.000e-06 2.194000 2.768800e-01  37   4
   9.200e-06 1.933600 3.132000e-01  38   4
   9.500e-06 1.750800 1.273600e-01  39   4
   9.800e-06 1.689400 8.171000e-02  40   4
  10.000e-06 1.650200 7.894200e-02  41   4
  10.600e-06 1.596200 6.926800e-02  42   4
  11.000e-06 1.559800 6.320600e-02  43   4
  11.500e-06 1.516400 7.380200e-02  44   4
  12.500e-06 1.479600 1.111400e-01  45   4
  13.000e-06 1.486200 1.255600e-01  46   4
  14.000e-06 1.461000 1.568200e-01  47   4
  14.800e-06 1.388400 1.835200e-01  48   4
  15.000e-06 1.377400 2.570000e-01  49   4
  16.400e-06 1.636000 2.353000e-01  50   4
  17.200e-06 1.884400 2.947400e-01  51   4
  18.000e-06 1.822800 2.494200e-01  52   4
  18.500e-06 1.735400 2.408000e-01  53   4
  20.000e-06 1.939400 2.687800e-01  54   4
  21.300e-06 1.899200 2.720600e-01  55   4
  22.500e-06 1.860800 2.766600e-01  56   4
  25.000e-06 1.781600 3.014200e-01  57   4
  27.900e-06 1.757800 3.038000e-01  58   4
  30.000e-06 1.744400 3.079200e-01  59   4
  35.000e-06 1.810800 3.819400e-01  60   4
  40.000e-06 1.764000 4.675400e-01  61   4
   0.250e-06 1.466800 1.871200e-02   1   5
   0.300e-06 1.462000 4.990400e-03   2   5
   0.350e-06 1.459600 3.119200e-03   3   5
   0.400e-06 1.458000 3.119200e-03   4   5
   0.450e-06 1.457200 3.119200e-03   5   5
   0.500e-06 1.456400 3.119200e-03   6   5
   0.550e-06 1.455600 3.743200e-03   7   5
   0.600e-06 1.455600 3.743200e-03   8   5
   0.650e-06 1.454800 4.367200e-03   9   5
   0.700e-06 1.454800 4.367200e-03  10   5
   0.750e-06 1.454800 5.302400e-03  11   5
   0.800e-06 1.448000 6.238400e-03  12   5
   0.900e-06 1.448000 8.109600e-03  13   5
   1.000e-06 1.447200 9.670400e-03  14   5
   1.250e-06 1.439600 1.185600e-02  15   5
   1.500e-06 1.438800 1.410800e-02  16   5
   1.750e-06 1.410800 1.095440e-02  17   5
   2.000e-06 1.376800 5.404800e-03  18   5
   2.500e-06 1.360000 8.140801e-03  19   5
   3.000e-06 1.401600 1.160800e-01  20   5
   3.200e-06 1.448400 3.975200e-02  21   5
   3.390e-06 1.427600 1.310600e-02  22   5
   3.500e-06 1.430800 6.655200e-03  23   5
   3.750e-06 1.420800 3.812000e-03  24   5
   4.000e-06 1.415800 4.849600e-03  25   5
   4.500e-06 1.412000 1.315200e-02  26   5
   5.000e-06 1.402800 1.215200e-02  27   5
   5.500e-06 1.386400 1.559200e-02  28   5
   6.000e-06 1.355600 5.460000e-02  29   5
   6.200e-06 1.404400 4.994400e-02  30   5
   6.500e-06 1.414400 3.533600e-02  31   5
   7.200e-06 1.367200 5.574400e-02  32   5
   7.900e-06 1.235200 5.330400e-02  33   5
   8.200e-06 1.114000 7.558400e-02  34   5
   8.500e-06 1.292000 1.479600e-01  35   5
   8.700e-06 1.976000 1.952000e-01  36   5
   9.000e-06 2.072000 2.458400e-01  37   5
   9.200e-06 1.844800 2.776000e-01  38   5
   9.500e-06 1.684400 1.164800e-01  39   5
   9.800e-06 1.629200 7.728000e-02  40   5
  10.000e-06 1.593600 7.525600e-02  41   5
  10.600e-06 1.541600 6.902400e-02  42   5
  11.000e-06 1.506400 6.760800e-02  43   5
  11.500e-06 1.465200 8.273600e-02  44   5
  12.500e-06 1.432800 1.305200e-01  45   5
  13.000e-06 1.441600 1.490800e-01  46   5
  14.000e-06 1.428000 1.847600e-01  47   5
  14.800e-06 1.371200 2.113600e-01  48   5
  15.000e-06 1.363200 2.760000e-01  49   5
  16.400e-06 1.598000 2.604000e-01  50   5
  17.200e-06 1.819200 3.123200e-01  51   5
  18.000e-06 1.770400 2.725600e-01  52   5
  18.500e-06 1.697200 2.644000e-01  53   5
  20.000e-06 1.879200 2.850400e-01  54   5
  21.300e-06 1.845600 2.860800e-01  55   5
  22.500e-06 1.814400 2.888800e-01  56   5
  25.000e-06 1.748800 3.085600e-01  57   5
  27.900e-06 1.730400 3.084000e-01  58   5
  30.000e-06 1.719200 3.105600e-01  59   5
  35.000e-06 1.774400 3.759200e-01  60   5
  40.000e-06 1.732000 4.567200e-01  61   5
   0.250e-06 1.451000 1.589000e-02   1   6
   0.300e-06 1.445000 4.238000e-03   2   6
   0.350e-06 1.442000 2.649000e-03   3   6
   0.400e-06 1.440000 2.649000e-03   4   6
   0.450e-06 1.439000 2.649000e-03   5   6
   0.500e-06 1.438000 2.649000e-03   6   6
   0.550e-06 1.437000 3.179000e-03   7   6
   0.600e-06 1.437000 3.179000e-03   8   6
   0.650e-06 1.436000 3.709000e-03   9   6
   0.700e-06 1.436000 3.709000e-03  10   6
   0.750e-06 1.436000 4.503000e-03  11   6
   0.800e-06 1.430000 5.298000e-03  12   6
   0.900e-06 1.430000 6.887000e-03  13   6
   1.000e-06 1.429000 8.213000e-03  14   6
   1.250e-06 1.422000 1.007000e-02  15   6
   1.500e-06 1.421000 1.201000e-02  16   6
   1.750e-06 1.396000 9.318000e-03  17   6
   2.000e-06 1.366000 4.756000e-03  18   6
   2.500e-06 1.345000 7.176000e-03  19   6
   3.000e-06 1.397000 1.396000e-01  20   6
   3.200e-06 1.453000 4.769000e-02  21   6
   3.390e-06 1.427000 1.462000e-02  22   6
   3.500e-06 1.426000 7.069000e-03  23   6
   3.750e-06 1.413000 3.765000e-03  24   6
   4.000e-06 1.406000 4.812000e-03  25   6
   4.500e-06 1.400000 1.319000e-02  26   6
   5.000e-06 1.391000 1.219000e-02  27   6
   5.500e-06 1.373000 1.499000e-02  28   6
   6.000e-06 1.342000 6.250000e-02  29   6
   6.200e-06 1.398000 5.568000e-02  30   6
   6.500e-06 1.403000 3.592000e-02  31   6
   7.200e-06 1.359000 5.218000e-02  32   6
   7.900e-06 1.244000 5.038000e-02  33   6
   8.200e-06 1.140000 6.948000e-02  34   6
   8.500e-06 1.290000 1.312000e-01  35   6
   8.700e-06 1.870000 1.715000e-01  36   6
   9.000e-06 1.950000 2.148000e-01  37   6
   9.200e-06 1.756000 2.420000e-01  38   6
   9.500e-06 1.618000 1.056000e-01  39   6
   9.800e-06 1.569000 7.285000e-02  40   6
  10.000e-06 1.537000 7.157000e-02  41   6
  10.600e-06 1.487000 6.878000e-02  42   6
  11.000e-06 1.453000 7.201000e-02  43   6
  11.500e-06 1.414000 9.167000e-02  44   6
  12.500e-06 1.386000 1.499000e-01  45   6
  13.000e-06 1.397000 1.726000e-01  46   6
  14.000e-06 1.395000 2.127000e-01  47   6
  14.800e-06 1.354000 2.392000e-01  48   6
  15.000e-06 1.349000 2.950000e-01  49   6
  16.400e-06 1.560000 2.855000e-01  50   6
  17.200e-06 1.754000 3.299000e-01  51   6
  18.000e-06 1.718000 2.957000e-01  52   6
  18.500e-06 1.659000 2.880000e-01  53   6
  20.000e-06 1.819000 3.013000e-01  54   6
  21.300e-06 1.792000 3.001000e-01  55   6
  22.500e-06 1.768000 3.011000e-01  56   6
  25.000e-06 1.716000 3.157000e-01  57   6
  27.900e-06 1.703000 3.130000e-01  58   6
  30.000e-06 1.694000 3.132000e-01  59   6
  35.000e-06 1.738000 3.699000e-01  60   6
  40.000e-06 1.700000 4.459000e-01  61   6
   0.250e-06 1.441000 1.412000e-02   1   7
   0.300e-06 1.434000 3.765500e-03   2   7
   0.350e-06 1.431000 2.353500e-03   3   7
   0.400e-06 1.429000 2.353500e-03   4   7
   0.450e-06 1.427500 2.353500e-03   5   7
   0.500e-06 1.426500 2.353500e-03   6   7
   0.550e-06 1.425500 2.824500e-03   7   7
   0.600e-06 1.425000 2.824500e-03   8   7
   0.650e-06 1.424500 3.295000e-03   9   7
   0.700e-06 1.424500 3.295000e-03  10   7
   0.750e-06 1.424000 4.001000e-03  11   7
   0.800e-06 1.419000 4.707000e-03  12   7
   0.900e-06 1.418500 6.119000e-03  13   7
   1.000e-06 1.417500 7.297000e-03  14   7
   1.250e-06 1.411000 8.947500e-03  15   7
   1.500e-06 1.410000 1.069450e-02  16   7
   1.750e-06 1.387000 8.290000e-03  17   7
   2.000e-06 1.359500 4.348000e-03  18   7
   2.500e-06 1.335500 6.569500e-03  19   7
   3.000e-06 1.394000 1.543500e-01  20   7
   3.200e-06 1.455500 5.267500e-02  21   7
   3.390e-06 1.426500 1.557000e-02  22   7
   3.500e-06 1.423500 7.329000e-03  23   7
   3.750e-06 1.408000 3.735500e-03  24   7
   4.000e-06 1.400000 4.788500e-03  25   7
   4.500e-06 1.392500 1.321500e-02  26   7
   5.000e-06 1.383500 1.221500e-02  27   7
   5.500e-06 1.364500 1.461000e-02  28   7
   6.000e-06 1.333500 6.746500e-02  29   7
   6.200e-06 1.394500 5.928500e-02  30   7
   6.500e-06 1.396000 3.628500e-02  31   7
   7.200e-06 1.353500 4.994000e-02  32   7
   7.900e-06 1.249500 4.854000e-02  33   7
   8.200e-06 1.156000 6.564500e-02  34   7
   8.500e-06 1.288500 1.206500e-01  35   7
   8.700e-06 1.803000 1.566000e-01  36   7
   9.000e-06 1.873000 1.953000e-01  37   7
   9.200e-06 1.700000 2.196500e-01  38   7
   9.500e-06 1.576000 9.879000e-02  39   7
   9.800e-06 1.531000 7.007000e-02  40   7
  10.000e-06 1.501500 6.925000e-02  41   7
  10.600e-06 1.452500 6.862500e-02  42   7
  11.000e-06 1.419500 7.477500e-02  43   7
  11.500e-06 1.382000 9.728500e-02  44   7
  12.500e-06 1.357000 1.620500e-01  45   7
  13.000e-06 1.369000 1.873500e-01  46   7
  14.000e-06 1.374500 2.302500e-01  47   7
  14.800e-06 1.343500 2.567000e-01  48   7
  15.000e-06 1.340500 3.069500e-01  49   7
  16.400e-06 1.536000 3.013000e-01  50   7
  17.200e-06 1.713000 3.409500e-01  51   7
  18.000e-06 1.685000 3.102000e-01  52   7
  18.500e-06 1.635000 3.028500e-01  53   7
  20.000e-06 1.781000 3.115500e-01  54   7
  21.300e-06 1.758500 3.089000e-01  55   7
  22.500e-06 1.738500 3.088000e-01  56   7
  25.000e-06 1.695500 3.202000e-01  57   7
  27.900e-06 1.686000 3.159000e-01  58   7
  30.000e-06 1.678000 3.148500e-01  59   7
  35.000e-06 1.715000 3.661000e-01  60   7
  40.000e-06 1.679500 4.391000e-01  61   7
   0.250e-06 1.431000 1.235000e-02   1   8
   0.300e-06 1.423000 3.293000e-03   2   8
   0.350e-06 1.420000 2.058000e-03   3   8
   0.400e-06 1.418000 2.058000e-03   4   8
   0.450e-06 1.416000 2.058000e-03   5   8
   0.500e-06 1.415000 2.058000e-03   6   8
   0.550e-06 1.414000 2.470000e-03   7   8
   0.600e-06 1.413000 2.470000e-03   8   8
   0.650e-06 1.413000 2.881000e-03   9   8
   0.700e-06 1.413000 2.881000e-03  10   8
   0.750e-06 1.412000 3.499000e-03  11   8
   0.800e-06 1.408000 4.116000e-03  12   8
   0.900e-06 1.407000 5.351000e-03  13   8
   1.000e-06 1.406000 6.381000e-03  14   8
   1.250e-06 1.400000 7.825000e-03  15   8
   1.500e-06 1.399000 9.379000e-03  16   8
   1.750e-06 1.378000 7.262000e-03  17   8
   2.000e-06 1.353000 3.940000e-03  18   8
   2.500e-06 1.326000 5.963000e-03  19   8
   3.000e-06 1.391000 1.691000e-01  20   8
   3.200e-06 1.458000 5.766000e-02  21   8
   3.390e-06 1.426000 1.652000e-02  22   8
   3.500e-06 1.421000 7.589000e-03  23   8
   3.750e-06 1.403000 3.706000e-03  24   8
   4.000e-06 1.394000 4.765000e-03  25   8
   4.500e-06 1.385000 1.324000e-02  26   8
   5.000e-06 1.376000 1.224000e-02  27   8
   5.500e-06 1.356000 1.423000e-02  28   8
   6.000e-06 1.325000 7.243000e-02  29   8
   6.200e-06 1.391000 6.289000e-02  30   8
   6.500e-06 1.389000 3.665000e-02  31   8
   7.200e-06 1.348000 4.770000e-02  32   8
   7.900e-06 1.255000 4.670000e-02  33   8
   8.200e-06 1.172000 6.181000e-02  34   8
   8.500e-06 1.287000 1.101000e-01  35   8
   8.700e-06 1.736000 1.417000e-01  36   8
   9.000e-06 1.796000 1.758000e-01  37   8
   9.200e-06 1.644000 1.973000e-01  38   8
   9.500e-06 1.534000 9.198000e-02  39   8
   9.800e-06 1.493000 6.729000e-02  40   8
  10.000e-06 1.466000 6.693000e-02  41   8
  10.600e-06 1.418000 6.847000e-02  42   8
  11.000e-06 1.386000 7.754000e-02  43   8
  11.500e-06 1.350000 1.029000e-01  44   8
  12.500e-06 1.328000 1.742000e-01  45   8
  13.000e-06 1.341000 2.021000e-01  46   8
  14.000e-06 1.354000 2.478000e-01  47   8
  14.800e-06 1.333000 2.742000e-01  48   8
  15.000e-06 1.332000 3.189000e-01  49   8
  16.400e-06 1.512000 3.171000e-01  50   8
  17.200e-06 1.672000 3.520000e-01  51   8
  18.000e-06 1.652000 3.247000e-01  52   8
  18.500e-06 1.611000 3.177000e-01  53   8
  20.000e-06 1.743000 3.218000e-01  54   8
  21.300e-06 1.725000 3.177000e-01  55   8
  22.500e-06 1.709000 3.165000e-01  56   8
  25.000e-06 1.675000 3.247000e-01  57   8
  27.900e-06 1.669000 3.188000e-01  58   8
  30.000e-06 1.662000 3.165000e-01  59   8
  35.000e-06 1.692000 3.623000e-01  60   8
  40.000e-06 1.659000 4.323000e-01  61   8
   0.250e-06 1.418000 9.976000e-03   1   9
   0.300e-06 1.409000 2.660000e-03   2   9
   0.350e-06 1.405000 1.663000e-03   3   9
   0.400e-06 1.403000 1.663000e-03   4   9
   0.450e-06 1.401000 1.663000e-03   5   9
   0.500e-06 1.400000 1.663000e-03   6   9
   0.550e-06 1.399000 1.995000e-03   7   9
   0.600e-06 1.398000 1.995000e-03   8   9
   0.650e-06 1.397000 2.328000e-03   9   9
   0.700e-06 1.397000 2.328000e-03  10   9
   0.750e-06 1.397000 2.827000e-03  11   9
   0.800e-06 1.393000 3.325000e-03  12   9
   0.900e-06 1.392000 4.323000e-03  13   9
   1.000e-06 1.391000 5.156000e-03  14   9
   1.250e-06 1.385000 6.324000e-03  15   9
   1.500e-06 1.384000 7.616000e-03  16   9
   1.750e-06 1.365000 5.886000e-03  17   9
   2.000e-06 1.344000 3.395000e-03  18   9
   2.500e-06 1.314000 5.152000e-03  19   9
   3.000e-06 1.387000 1.889000e-01  20   9
   3.200e-06 1.462000 6.433000e-02  21   9
   3.390e-06 1.425000 1.779000e-02  22   9
   3.500e-06 1.417000 7.937000e-03  23   9
   3.750e-06 1.397000 3.666000e-03  24   9
   4.000e-06 1.386000 4.733000e-03  25   9
   4.500e-06 1.375000 1.327000e-02  26   9
   5.000e-06 1.367000 1.227000e-02  27   9
   5.500e-06 1.345000 1.373000e-02  28   9
   6.000e-06 1.313000 7.907000e-02  29   9
   6.200e-06 1.385000 6.772000e-02  30   9
   6.500e-06 1.379000 3.714000e-02  31   9
   7.200e-06 1.341000 4.470000e-02  32   9
   7.900e-06 1.263000 4.424000e-02  33   9
   8.200e-06 1.194000 5.668000e-02  34   9
   8.500e-06 1.285000 9.599000e-02  35   9
   8.700e-06 1.647000 1.217000e-01  36   9
   9.000e-06 1.694000 1.497000e-01  37   9
   9.200e-06 1.569000 1.674000e-01  38   9
   9.500e-06 1.478000 8.284000e-02  39   9
   9.800e-06 1.442000 6.356000e-02  40   9
  10.000e-06 1.418000 6.384000e-02  41   9
  10.600e-06 1.372000 6.826000e-02  42   9
  11.000e-06 1.342000 8.124000e-02  43   9
  11.500e-06 1.307000 1.104000e-01  44   9
  12.500e-06 1.288000 1.905000e-01  45   9
  13.000e-06 1.304000 2.219000e-01  46   9
  14.000e-06 1.326000 2.712000e-01  47   9
  14.800e-06 1.319000 2.976000e-01  48   9
  15.000e-06 1.320000 3.348000e-01  49   9
  16.400e-06 1.480000 3.382000e-01  50   9
  17.200e-06 1.617000 3.668000e-01  51   9
  18.000e-06 1.608000 3.442000e-01  52   9
  18.500e-06 1.578000 3.375000e-01  53   9
  20.000e-06 1.693000 3.355000e-01  54   9
  21.300e-06 1.680000 3.295000e-01  55   9
  22.500e-06 1.670000 3.268000e-01  56   9
  25.000e-06 1.647000 3.307000e-01  57   9
  27.900e-06 1.646000 3.227000e-01  58   9
  30.000e-06 1.640000 3.187000e-01  59   9
  35.000e-06 1.661000 3.573000e-01  60   9
  40.000e-06 1.632000 4.232000e-01  61   9
   0.250e-06 1.409000 8.379500e-03   1  10
   0.300e-06 1.399500 2.234500e-03   2  10
   0.350e-06 1.395000 1.396500e-03   3  10
   0.400e-06 1.392500 1.396500e-03   4  10
   0.450e-06 1.391000 1.396500e-03   5  10
   0.500e-06 1.389500 1.396500e-03   6  10
   0.550e-06 1.388500 1.676000e-03   7  10
   0.600e-06 1.387500 1.676000e-03   8  10
   0.650e-06 1.386500 1.955500e-03   9  10
   0.700e-06 1.386500 1.955500e-03  10  10
   0.750e-06 1.386000 2.374500e-03  11  10
   0.800e-06 1.382500 2.793000e-03  12  10
   0.900e-06 1.381500 3.631000e-03  13  10
   1.000e-06 1.381000 4.331500e-03  14  10
   1.250e-06 1.375000 5.313000e-03  15  10
   1.500e-06 1.374000 6.429000e-03  16  10
   1.750e-06 1.356500 4.960000e-03  17  10
   2.000e-06 1.338000 3.027500e-03  18  10
   2.500e-06 1.305500 4.606000e-03  19  10
   3.000e-06 1.384500 2.022000e-01  20  10
   3.200e-06 1.464500 6.882500e-02  21  10
   3.390e-06 1.425000 1.865000e-02  22  10
   3.500e-06 1.414000 8.171000e-03  23  10
   3.750e-06 1.392500 3.639500e-03  24  10
   4.000e-06 1.380500 4.711500e-03  25  10
   4.500e-06 1.368000 1.329000e-02  26  10
   5.000e-06 1.360000 1.229000e-02  27  10
   5.500e-06 1.337500 1.339000e-02  28  10
   6.000e-06 1.305500 8.354000e-02  29  10
   6.200e-06 1.381500 7.096501e-02  30  10
   6.500e-06 1.372500 3.747000e-02  31  10
   7.200e-06 1.336500 4.268500e-02  32  10
   7.900e-06 1.268000 4.258500e-02  33  10
   8.200e-06 1.209000 5.322500e-02  34  10
   8.500e-06 1.284000 8.650000e-02  35  10
   8.700e-06 1.587000 1.083000e-01  36  10
   9.000e-06 1.624500 1.321000e-01  37  10
   9.200e-06 1.519000 1.472500e-01  38  10
   9.500e-06 1.440500 7.669000e-02  39  10
   9.800e-06 1.408000 6.105500e-02  40  10
  10.000e-06 1.386000 6.175000e-02  41  10
  10.600e-06 1.341000 6.812499e-02  42  10
  11.000e-06 1.311500 8.373000e-02  43  10
  11.500e-06 1.278000 1.154500e-01  44  10
  12.500e-06 1.261500 2.014500e-01  45  10
  13.000e-06 1.278500 2.352000e-01  46  10
  14.000e-06 1.307500 2.870500e-01  47  10
  14.800e-06 1.309000 3.133500e-01  48  10
  15.000e-06 1.312000 3.455500e-01  49  10
  16.400e-06 1.458500 3.524000e-01  50  10
  17.200e-06 1.580000 3.767500e-01  51  10
  18.000e-06 1.578500 3.573000e-01  52  10
  18.500e-06 1.556500 3.509000e-01  53  10
  20.000e-06 1.659000 3.447000e-01  54  10
  21.300e-06 1.650000 3.374000e-01  55  10
  22.500e-06 1.644000 3.337000e-01  56  10
  25.000e-06 1.628500 3.347500e-01  57  10
  27.900e-06 1.630500 3.253000e-01  58  10
  30.000e-06 1.626000 3.202000e-01  59  10
  35.000e-06 1.640500 3.539000e-01  60  10
  40.000e-06 1.614000 4.171000e-01  61  10
   0.250e-06 1.400000 6.783000e-03   1  11
   0.300e-06 1.390000 1.809000e-03   2  11
   0.350e-06 1.385000 1.130000e-03   3  11
   0.400e-06 1.382000 1.130000e-03   4  11
   0.450e-06 1.381000 1.130000e-03   5  11
   0.500e-06 1.379000 1.130000e-03   6  11
   0.550e-06 1.378000 1.357000e-03   7  11
   0.600e-06 1.377000 1.357000e-03   8  11
   0.650e-06 1.376000 1.583000e-03   9  11
   0.700e-06 1.376000 1.583000e-03  10  11
   0.750e-06 1.375000 1.922000e-03  11  11
   0.800e-06 1.372000 2.261000e-03  12  11
   0.900e-06 1.371000 2.939000e-03  13  11
   1.000e-06 1.371000 3.507000e-03  14  11
   1.250e-06 1.365000 4.302000e-03  15  11
   1.500e-06 1.364000 5.242000e-03  16  11
   1.750e-06 1.348000 4.034000e-03  17  11
   2.000e-06 1.332000 2.660000e-03  18  11
   2.500e-06 1.297000 4.060000e-03  19  11
   3.000e-06 1.382000 2.155000e-01  20  11
   3.200e-06 1.467000 7.332000e-02  21  11
   3.390e-06 1.425000 1.951000e-02  22  11
   3.500e-06 1.411000 8.405000e-03  23  11
   3.750e-06 1.388000 3.613000e-03  24  11
   4.000e-06 1.375000 4.690000e-03  25  11
   4.500e-06 1.361000 1.331000e-02  26  11
   5.000e-06 1.353000 1.231000e-02  27  11
   5.500e-06 1.330000 1.305000e-02  28  11
   6.000e-06 1.298000 8.801000e-02  29  11
   6.200e-06 1.378000 7.421000e-02  30  11
   6.500e-06 1.366000 3.780000e-02  31  11
   7.200e-06 1.332000 4.067000e-02  32  11
   7.900e-06 1.273000 4.093000e-02  33  11
   8.200e-06 1.224000 4.977000e-02  34  11
   8.500e-06 1.283000 7.701000e-02  35  11
   8.700e-06 1.527000 9.490000e-02  36  11
   9.000e-06 1.555000 1.145000e-01  37  11
   9.200e-06 1.469000 1.271000e-01  38  11
   9.500e-06 1.403000 7.054000e-02  39  11
   9.800e-06 1.374000 5.855000e-02  40  11
  10.000e-06 1.354000 5.966000e-02  41  11
  10.600e-06 1.310000 6.799000e-02  42  11
  11.000e-06 1.281000 8.622000e-02  43  11
  11.500e-06 1.249000 1.205000e-01  44  11
  12.500e-06 1.235000 2.124000e-01  45  11
  13.000e-06 1.253000 2.485000e-01  46  11
  14.000e-06 1.289000 3.029000e-01  47  11
  14.800e-06 1.299000 3.291000e-01  48  11
  15.000e-06 1.304000 3.563000e-01  49  11
  16.400e-06 1.437000 3.666000e-01  50  11
  17.200e-06 1.543000 3.867000e-01  51  11
  18.000e-06 1.549000 3.704000e-01  52  11
  18.500e-06 1.535000 3.643000e-01  53  11
  20.000e-06 1.625000 3.539000e-01  54  11
  21.300e-06 1.620000 3.453000e-01  55  11
  22.500e-06 1.618000 3.406000e-01  56  11
  25.000e-06 1.610000 3.388000e-01  57  11
  27.900e-06 1.615000 3.279000e-01  58  11
  30.000e-06 1.612000 3.217000e-01  59  11
  35.000e-06 1.620000 3.505000e-01  60  11
  40.000e-06 1.596000 4.110000e-01  61  11
   0.250e-06 1.387000 4.500000e-03   1  12
   0.300e-06 1.376000 1.200000e-03   2  12
   0.350e-06 1.371000 7.500000e-04   3  12
   0.400e-06 1.368000 7.500000e-04   4  12
   0.450e-06 1.366000 7.500000e-04   5  12
   0.500e-06 1.364000 7.500000e-04   6  12
   0.550e-06 1.363000 9.000000e-04   7  12
   0.600e-06 1.362000 9.000000e-04   8  12
   0.650e-06 1.361000 1.050000e-03   9  12
   0.700e-06 1.361000 1.050000e-03  10  12
   0.750e-06 1.360000 1.275000e-03  11  12
   0.800e-06 1.358000 1.500000e-03  12  12
   0.900e-06 1.357000 1.950000e-03  13  12
   1.000e-06 1.356000 2.327000e-03  14  12
   1.250e-06 1.351000 2.857000e-03  15  12
   1.500e-06 1.349000 3.545000e-03  16  12
   1.750e-06 1.337000 2.710000e-03  17  12
   2.000e-06 1.323000 2.135000e-03  18  12
   2.500e-06 1.285000 3.279000e-03  19  12
   3.000e-06 1.378000 2.345000e-01  20  12
   3.200e-06 1.471000 7.974000e-02  21  12
   3.390e-06 1.424000 2.073000e-02  22  12
   3.500e-06 1.407000 8.740000e-03  23  12
   3.750e-06 1.381000 3.575000e-03  24  12
   4.000e-06 1.367000 4.660000e-03  25  12
   4.500e-06 1.351000 1.334000e-02  26  12
   5.000e-06 1.344000 1.234000e-02  27  12
   5.500e-06 1.319000 1.256000e-02  28  12
   6.000e-06 1.287000 9.440000e-02  29  12
   6.200e-06 1.373000 7.885000e-02  30  12
   6.500e-06 1.357000 3.827000e-02  31  12
   7.200e-06 1.325000 3.778000e-02  32  12
   7.900e-06 1.280000 3.856000e-02  33  12
   8.200e-06 1.245000 4.483000e-02  34  12
   8.500e-06 1.281000 6.344000e-02  35  12
   8.700e-06 1.441000 7.571000e-02  36  12
   9.000e-06 1.457000 8.941000e-02  37  12
   9.200e-06 1.397000 9.827000e-02  38  12
   9.500e-06 1.349000 6.174000e-02  39  12
   9.800e-06 1.325000 5.496000e-02  40  12
  10.000e-06 1.308000 5.668000e-02  41  12
  10.600e-06 1.266000 6.779000e-02  42  12
  11.000e-06 1.238000 8.978000e-02  43  12
  11.500e-06 1.208000 1.278000e-01  44  12
  12.500e-06 1.198000 2.281000e-01  45  12
  13.000e-06 1.217000 2.675000e-01  46  12
  14.000e-06 1.262000 3.255000e-01  47  12
  14.800e-06 1.285000 3.516000e-01  48  12
  15.000e-06 1.292000 3.717000e-01  49  12
  16.400e-06 1.407000 3.870000e-01  50  12
  17.200e-06 1.490000 4.010000e-01  51  12
  18.000e-06 1.507000 3.891000e-01  52  12
  18.500e-06 1.504000 3.834000e-01  53  12
  20.000e-06 1.576000 3.671000e-01  54  12
  21.300e-06 1.576000 3.567000e-01  55  12
  22.500e-06 1.580000 3.505000e-01  56  12
  25.000e-06 1.583000 3.446000e-01  57  12
  27.900e-06 1.593000 3.317000e-01  58  12
  30.000e-06 1.591000 3.238000e-01  59  12
  35.000e-06 1.590000 3.456000e-01  60  12
  40.000e-06 1.570000 4.022000e-01  61  12
