3.40000E-01  1.0337457759293    1.00582555751702   1.01950139982101   1 
3.55000E-01  1.04435136916849   1.00739393982269   1.02749672326809   1 
3.80000E-01  1.0616554763757    1.00914956863848   1.04107936737113   1 
4.00000E-01  1.07270062595023   1.00920788211918   1.04991315337206   1 
4.40000E-01  1.08081453973095   1.00686552360901   1.0579778728353    1  
4.69000E-01  1.07503657565782   1.00551661356395   1.05635224028223   1  
5.00000E-01  1.06317883062657   1.00403986166631   1.04947166912636   1  
5.32000E-01  1.04997260642147   1.00252723284211   1.04294296178135   1  
5.50000E-01  1.0419120885875    1.00172994939872   1.03767185701141   1  
6.45000E-01  1.00553981423834   1.00039074518491   1.02100455570714   1  
6.70000E-01  0.998718152498833  1.00030505875452   1.01871763096253   1   
8.00000E-01  0.978623609143383  0.999870501719166  1.00999828551834   1   
8.58000E-01  0.976072935622344  0.999691196344091  1.00671039767074   1   
8.65000E-01  0.975304747320061  0.999674903133363  1.00631604658013   1   
1.02000E+00  0.972756859035005  0.99968800501639   1.005853050134     1   
1.06400E+00  0.972188701937629  0.999612180789069  1.0046924896156    1    
1.24000E+00  0.968755911469828  0.999585626150682  1.0066929520994    1   
1.64000E+00  0.953625064481278  0.999219819497439  0.988944627568648  1   
2.13000E+00  0.980934203074858  0.9988795737594    0.971263716189828  1  
