3.40000E-01  1.05173356666302   1.00125699805359   0.999555975044373  2  
3.55000E-01  1.05121124960051   1.00036294070629   0.995974884820614  2   
3.80000E-01  1.05188227154726   1.00083903214783   0.990547155617895  2   
4.00000E-01  1.0454348195249    1.00032228788301   0.985348451714049  2 
4.40000E-01  1.01852867415536   0.997157838997043  0.970435152026939  2 
4.69000E-01  1.00393240448996   0.995819595601742  0.962059544226067  2   
5.00000E-01  1.00511449712662   0.997961383203233  0.965098708466472  2  
5.32000E-01  1.02337144736588   1.00151406342832   0.977350499395165  2   
5.50000E-01  1.04338317633884   1.00401892382151   0.994154106970612  2   
6.45000E-01  1.16888487597097   1.01175244883254   1.10801550092921   2   
6.70000E-01  1.18421425343792   1.01110820139437   1.12138629316495   2  
8.00000E-01  1.15272766380771   1.00564978831569   1.09231212484994   2   
8.58000E-01  1.11082774912019   1.00411932024473   1.07472006989631   2   
8.65000E-01  1.10838035767141   1.0039016785303    1.07223182995233   2   
1.02000E+00  1.03701543214843   1.00087393668472   1.02989160650671   2   
1.06400E+00  1.02032888063881   1.0007730312565    1.02520173926123   2   
1.24000E+00  0.990622065773052  0.999868915180953  1.01435765196811   2    
1.64000E+00  0.979042943615652  0.999651054431403  1.01078858002437   2    
2.13000E+00  0.972270093544109  0.999550290276671  1.00907189210912   2    
