3.40000E-01  1.05563618299941  1.00951365977464   1.0012978775948     3  
3.55000E-01  1.05409129725953  1.0082402447062    1.00182979507172    3 
3.80000E-01  1.05165125750352  1.00575973848378   1.00234058381355    3  
4.00000E-01  1.05127810286418  1.00465986760159   1.00279284161817    3  
4.40000E-01  1.05505609343784  1.0030808624671    1.00288200096182    3  
4.69000E-01  1.05873610937994  1.00298547572359   1.00258968605921    3  
5.00000E-01  1.06051727428899  1.00273728488125   1.00175143791987    3  
5.32000E-01  1.05952561382237  1.00058439053911   0.998755562623028   3  
5.50000E-01  1.05777296074643  0.999305247895606  0.996365044514505   3  
6.45000E-01  1.04591070358937  0.996645975170204  0.988503839954489   3  
6.70000E-01  1.04430373930544  0.99649595560128   0.987092301722157   3  
8.00000E-01  1.04648024383079  0.99778330102083   0.986640072501173   3  
8.58000E-01  1.05194064452029  0.998807001360818  0.988256372840702   3  
8.65000E-01  1.05242436228831  0.998926492699922  0.988671543498894   3  
1.02000E+00  1.06568571142047  1.00137620051534   0.998636134352417   3   
1.06400E+00  1.06947164200754  1.00199384723525   1.00176922025964    3  
1.24000E+00  1.07487684729064  1.00348782071882   1.01139489802086    3  
1.64000E+00  1.06731642398622  1.00359599126688   1.02096883411006    3  
2.13000E+00  1.05273545433015  1.00375812058307   1.0247217396446     3  
