#========================================================================
# NON-SPHERICAL CORRECTIONS FOR HYDROPHLIC DUST
# - Raw data provided by S. Remy (13-Feb-2023). "sr at hygeos.com"
# - This file and the implementation -> Ramiro Checa-Garcia (Feb-2023)
#                                       ramiro.checa-garcia at ecmwf.int
#
# Wavelength in micron
#========================================================================
#Wavelength  Mass-Ext-Scaling   SSA-Scaling        Asymmetry-Scaling  Lidar-Ratio-Scaling  Bin
3.40000E-01  1.0337457759293    1.00582555751702   1.01950139982101   1.0                  1 
3.55000E-01  1.04435136916849   1.00739393982269   1.02749672326809   1.0                  1 
3.80000E-01  1.0616554763757    1.00914956863848   1.04107936737113   1.0                  1 
4.00000E-01  1.07270062595023   1.00920788211918   1.04991315337206   1.0                  1 
4.40000E-01  1.08081453973095   1.00686552360901   1.0579778728353    1.0                  1 
4.69000E-01  1.07503657565782   1.00551661356395   1.05635224028223   1.0                  1 
5.00000E-01  1.06317883062657   1.00403986166631   1.04947166912636   1.0                  1 
5.32000E-01  1.04997260642147   1.00252723284211   1.04294296178135   1.0                  1 
5.50000E-01  1.0419120885875    1.00172994939872   1.03767185701141   1.0                  1 
6.45000E-01  1.00553981423834   1.00039074518491   1.02100455570714   1.0                  1 
6.70000E-01  0.998718152498833  1.00030505875452   1.01871763096253   1.0                  1 
8.00000E-01  0.978623609143383  0.999870501719166  1.00999828551834   1.0                  1 
8.58000E-01  0.976072935622344  0.999691196344091  1.00671039767074   1.0                  1 
8.65000E-01  0.975304747320061  0.999674903133363  1.00631604658013   1.0                  1 
1.02000E+00  0.972756859035005  0.99968800501639   1.005853050134     1.0                  1 
1.06400E+00  0.972188701937629  0.999612180789069  1.0046924896156    1.0                  1 
1.24000E+00  0.968755911469828  0.999585626150682  1.0066929520994    1.0                  1 
1.64000E+00  0.953625064481278  0.999219819497439  0.988944627568648  1.0                  1 
2.13000E+00  0.980934203074858  0.9988795737594    0.971263716189828  1.0                  1 
3.40000E-01  1.05173356666302   1.00125699805359   0.999555975044373  0.5                  2  
3.55000E-01  1.05121124960051   1.00036294070629   0.995974884820614  0.5                  2 
3.80000E-01  1.05188227154726   1.00083903214783   0.990547155617895  0.5                  2 
4.00000E-01  1.0454348195249    1.00032228788301   0.985348451714049  0.5                  2 
4.40000E-01  1.01852867415536   0.997157838997043  0.970435152026939  0.5                  2 
4.69000E-01  1.00393240448996   0.995819595601742  0.962059544226067  0.5                  2 
5.00000E-01  1.00511449712662   0.997961383203233  0.965098708466472  0.5                  2 
5.32000E-01  1.02337144736588   1.00151406342832   0.977350499395165  0.5                  2 
5.50000E-01  1.04338317633884   1.00401892382151   0.994154106970612  0.5                  2 
6.45000E-01  1.16888487597097   1.01175244883254   1.10801550092921   0.5                  2 
6.70000E-01  1.18421425343792   1.01110820139437   1.12138629316495   0.5                  2 
8.00000E-01  1.15272766380771   1.00564978831569   1.09231212484994   0.5                  2 
8.58000E-01  1.11082774912019   1.00411932024473   1.07472006989631   0.5                  2 
8.65000E-01  1.10838035767141   1.0039016785303    1.07223182995233   0.5                  2 
1.02000E+00  1.03701543214843   1.00087393668472   1.02989160650671   0.5                  2 
1.06400E+00  1.02032888063881   1.0007730312565    1.02520173926123   0.5                  2 
1.24000E+00  0.990622065773052  0.999868915180953  1.01435765196811   0.5                  2 
1.64000E+00  0.979042943615652  0.999651054431403  1.01078858002437   0.5                  2 
2.13000E+00  0.972270093544109  0.999550290276671  1.00907189210912   0.5                  2 
3.40000E-01  1.05563618299941  1.00951365977464   1.0012978775948     2.0                  3 
3.55000E-01  1.05409129725953  1.0082402447062    1.00182979507172    2.0                  3 
3.80000E-01  1.05165125750352  1.00575973848378   1.00234058381355    2.0                  3 
4.00000E-01  1.05127810286418  1.00465986760159   1.00279284161817    2.0                  3 
4.40000E-01  1.05505609343784  1.0030808624671    1.00288200096182    2.0                  3 
4.69000E-01  1.05873610937994  1.00298547572359   1.00258968605921    2.0                  3 
5.00000E-01  1.06051727428899  1.00273728488125   1.00175143791987    2.0                  3 
5.32000E-01  1.05952561382237  1.00058439053911   0.998755562623028   2.0                  3 
5.50000E-01  1.05777296074643  0.999305247895606  0.996365044514505   2.0                  3 
6.45000E-01  1.04591070358937  0.996645975170204  0.988503839954489   2.0                  3 
6.70000E-01  1.04430373930544  0.99649595560128   0.987092301722157   2.0                  3 
8.00000E-01  1.04648024383079  0.99778330102083   0.986640072501173   2.0                  3 
8.58000E-01  1.05194064452029  0.998807001360818  0.988256372840702   2.0                  3 
8.65000E-01  1.05242436228831  0.998926492699922  0.988671543498894   2.0                  3 
1.02000E+00  1.06568571142047  1.00137620051534   0.998636134352417   2.0                  3 
1.06400E+00  1.06947164200754  1.00199384723525   1.00176922025964    2.0                  3 
1.24000E+00  1.07487684729064  1.00348782071882   1.01139489802086    2.0                  3 
1.64000E+00  1.06731642398622  1.00359599126688   1.02096883411006    2.0                  3 
2.13000E+00  1.05273545433015  1.00375812058307   1.0247217396446     2.0                  3 
